482 188 360 
-265 456 -43 
-138 -209 -290 
305 -58 -229 
-82 346 -85 
-5 -144 347 
-269 386 -286 
96 414 260 
321 -258 236 
247 177 402 
-186 -154 -39 
149 214 -470 
-61 -422 59 
-364 117 279 
-219 -33 172 
239 -368 -221 
-351 42 -284 
83 386 -299 
267 -140 -334 
181 92 283 
-269 -98 -31 
-496 -409 -348 
-162 206 430 
-438 379 -357 
-69 65 -420 
-361 334 -25 
138 -476 54 
-93 -54 -20 
153 -301 435 
214 453 -51 
98 -457 -459 
461 -485 -22 
-238 370 -452 
419 196 187 
330 -448 -470 
489 -460 308 
-430 180 -159 
-435 193 -471 
184 452 -253 
320 491 -465 
319 95 279 
-384 -387 -180 
-134 -473 137 
-390 71 -346 
-153 239 427 
38 302 -263 
447 -472 23 
-490 252 -176 
-289 -302 199 
-39 443 -71 
-120 462 -369 
326 392 258 
432 219 483 
402 -141 -89 
-288 206 275 
-381 476 259 
-70 -445 -9 
-388 -219 -406 
-468 -459 431 
182 218 253 
-425 -383 -217 
-147 -23 409 
-339 172 208 
33 -116 -451 
-73 301 74 
-27 7 114 
170 -428 -43 
83 -191 -313 
372 428 -169 
-267 307 -88 
-300 -398 -107 
-68 420 211 
-388 -190 312 
-448 161 352 
88 -378 160 
279 141 -445 
-308 -210 -457 
436 160 134 
446 -263 -351 
-452 74 59 
375 -48 438 
83 499 -500 
-384 56 186 
246 -431 -297 
-274 -420 53 
223 -281 -239 
400 254 -213 
347 314 -139 
-65 -198 -13 
-263 -150 -443 
-300 -292 -414 
64 338 423 
-186 421 -137 
281 314 -126 
-130 -147 -98 
158 -366 244 
380 -49 437 
313 -277 -201 
230 281 379 
-10 362 -364 
488 -314 -159 
-325 78 28 
-427 255 306 
383 -181 -329 
-389 -172 -417 
149 398 -54 
418 300 -31 
-276 -228 -461 
454 397 -362 
-253 168 -403 
-164 144 -265 
-472 -274 -273 
126 -277 62 
417 285 -451 
-221 -27 -195 
-16 -227 223 
-149 355 -407 
-386 435 336 
210 267 175 
3 -83 494 
168 196 409 
-383 302 -30 
-237 -108 -207 
-163 421 -189 
-469 134 -63 
-446 158 128 
-383 328 -97 
-216 -20 363 
386 328 183 
130 -455 36 
-34 -423 -78 
-358 11 -30 
-484 104 -153 
-253 -426 5 
347 316 34 
226 -390 -69 
-310 343 -419 
-379 347 -81 
361 314 485 
250 133 -152 
402 -481 -456 
189 -71 383 
145 -169 111 
239 475 2 
-452 333 332 
-276 -440 -453 
125 -421 -298 
464 55 -46 
-197 -165 454 
-307 436 -344 
96 115 -139 
-34 442 357 
-235 -464 384 
136 463 -326 
449 -204 -431 
-145 48 -44 
325 -188 412 
140 99 278 
284 -235 356 
153 -73 235 
-293 345 -296 
-454 414 370 
362 52 -492 
-448 270 316 
-78 -432 275 
269 71 219 
47 -116 -372 
74 -237 500 
-365 -328 -8 
55 -85 -45 
7 -383 -374 
-363 473 217 
372 121 128 
242 -291 -254 
306 197 -452 
-86 309 251 
430 -94 337 
174 132 -173 
-146 264 -296 
258 250 -322 
376 353 -361 
44 358 -394 
500 83 121 
477 451 -339 
270 -424 -158 
292 113 411 
76 110 -499 
390 394 -347 
433 453 282 
-85 -91 -160 
-414 -13 413 
345 -477 273 
62 95 -177 
189 65 -63 
244 -67 -91 
393 -335 -458 
-74 427 27 
186 265 188 
-128 116 -379 
226 -142 333 
260 3 485 
-288 43 266 
168 -375 142 
-130 467 -426 
-458 437 490 
322 357 151 
-337 -324 -150 
-94 36 441 
282 23 422 
395 -444 -64 
-274 -131 -79 
163 14 98 
68 193 461 
467 221 -411 
-222 443 35 
-321 399 441 
149 -203 131 
-274 51 386 
-255 49 396 
-487 233 331 
-126 -259 146 
231 -141 93 
409 495 451 
-423 -206 146 
120 341 272 
-285 -211 -128 
-205 324 447 
291 349 311 
271 206 80 
313 45 318 
180 -466 382 
14 -340 86 
-274 16 70 
-398 139 7 
-316 385 224 
-194 -29 -398 
-203 264 -405 
396 -135 -291 
416 498 -108 
-32 249 -166 
-90 106 199 
444 -146 -371 
-335 6 267 
454 429 -225 
488 -91 350 
396 -159 79 
389 -482 245 
35 -333 -280 
179 -376 316 
-180 -3 -284 
108 -282 269 
-83 -224 267 
4 -291 439 
35 162 -379 
-158 21 -104 
407 -185 -249 
-129 -229 -348 
367 358 227 
466 290 489 
-34 428 -79 
239 -10 137 
-231 -137 421 
135 -217 446 
-346 448 195 
37 -272 117 
-252 -120 -325 
129 24 -252 
-37 136 339 
-389 70 316 
374 -249 -288 
-443 357 -85 
-1 309 -381 
-488 -455 143 
-15 -139 -385 
-11 235 -326 
-408 134 193 
-202 258 -301 
-392 344 -424 
-92 130 38 
18 -412 59 
61 25 -333 
-225 -76 -159 
479 150 -188 
192 -62 -106 
-403 239 115 
-25 -493 190 
38 -188 -43 
-148 390 491 
356 -53 -55 
197 -395 -340 
453 247 -43 
-27 -438 -248 
-322 -482 382 
-55 -35 -226 
-224 137 -332 
447 -341 -490 
61 -59 254 
-207 255 -181 
451 -132 -126 
405 304 248 
481 31 -340 
-100 296 38 
193 74 -165 
-2 11 -110 
46 300 -419 
464 304 167 
255 -3 -453 
-456 274 450 
375 -437 -251 
460 368 184 
-106 79 -305 
-234 65 -481 
274 -464 59 
200 4 -201 
299 182 409 
-157 -261 -495 
405 16 -79 
-121 401 -238 
332 -370 303 
103 -197 224 
378 335 -129 
369 28 -181 
12 -436 -430 
301 113 359 
301 -325 62 
-8 465 35 
63 -349 -94 
336 476 -345 
-138 205 -406 
-100 107 -431 
-16 -473 490 
-193 322 445 
494 405 -436 
63 112 -464 
-204 497 217 
-256 -253 237 
-318 -39 -148 
-437 410 483 
-232 -466 -395 
466 304 -65 
117 290 -377 
335 227 -268 
403 -158 28 
-489 230 -191 
-246 -178 169 
346 -1 -311 
297 -285 366 
-363 -366 169 
461 -420 220 
-384 -113 13 
343 -317 -132 
-365 -455 205 
460 109 -212 
-500 -201 -497 
200 -326 -259 
-95 199 490 
-142 486 -199 
171 -106 -363 
258 -137 -67 
-92 252 113 
400 -399 158 
308 280 -360 
-305 -198 -327 
320 373 -454 
-323 -163 -364 
383 191 -477 
117 136 122 
-276 -387 -325 
306 437 430 
-79 -388 62 
-29 244 247 
-359 363 -327 
293 -70 201 
288 -379 263 
170 341 338 
-365 -474 -198 
-59 482 -425 
141 269 -353 
396 226 -461 
-128 433 286 
-206 -461 -311 
177 -491 55 
-356 426 439 
-102 -397 22 
-49 -332 398 
29 48 261 
17 46 379 
-72 24 -138 
-254 404 -29 
74 119 346 
-36 -439 448 
-133 -361 191 
499 279 323 
-206 -231 -36 
-20 -106 133 
-167 157 -182 
-60 -189 190 
306 -188 -112 
38 448 -389 
-499 -352 435 
320 -342 67 
243 -337 -183 
-153 -289 145 
-217 393 -49 
184 -277 -276 
250 90 -52 
226 171 -195 
-293 -253 -315 
177 157 76 
317 437 16 
-254 -393 188 
265 266 -295 
-202 141 264 
-215 181 443 
-438 -380 -481 
-321 -423 110 
484 500 291 
-87 -336 241 
333 198 417 
380 -385 -40 
170 465 351 
250 -99 -427 
-152 -350 399 
-211 445 384 
465 267 -249 
272 -204 350 
-118 -252 -8 
376 -74 -216 
156 -432 368 
-70 229 -201 
-399 -216 -152 
-252 -429 10 
-93 -341 493 
211 -276 134 
-118 -310 260 
-98 492 411 
-215 302 357 
-336 -329 469 
-178 -360 -50 
150 -267 -277 
-212 -449 398 
259 261 -119 
-366 -143 427 
55 30 205 
442 114 -349 
346 486 395 
324 104 300 
-35 -51 -405 
-150 7 -183 
498 492 -212 
144 231 390 
157 -374 -287 
-215 172 133 
-302 334 276 
-323 399 -415 
472 202 247 
226 125 -389 
22 16 293 
-407 -168 -302 
53 -164 -43 
-92 298 235 
449 58 -170 
-72 433 -137 
-158 -90 -313 
-289 122 -337 
63 250 -47 
-58 262 -327 
377 418 422 
491 276 -179 
-233 213 161 
270 498 -227 
414 -199 -46 
169 -430 -155 
245 330 -442 
166 -127 -256 
254 405 3 
400 61 -198 
-351 498 19 
235 -304 -19 
234 -71 -112 
-29 82 -363 
-342 -51 -385 
-70 85 196 
-343 -499 229 
-64 499 282 
447 -444 -463 
222 44 -260 
-224 -251 -71 
-470 -105 386 
-22 258 -165 
-105 -438 -334 
-137 138 -191 
225 -484 -475 
-319 361 194 
301 -413 -434 
-475 99 143 
442 362 279 
-33 56 -477 
382 -159 -275 
372 -59 1 
-240 98 -285 
-498 -169 -211 
-258 -269 363 
-148 -12 -182 
447 188 -324 
-33 3 -360 
233 315 407 
8 -60 -379 
2 28 298 
-314 392 -361 
256 -208 203 
465 -143 445 
-465 -113 -67 
-50 -157 38 
-199 -45 -29 
-448 -180 427 
-180 494 187 
-223 -452 377 
291 -182 -125 
-18 -134 -251 
389 414 -406 
57 224 2 
-103 57 492 
-397 203 -134 
311 -5 -131 
237 -317 -208 
-392 -136 438 
-168 86 -224 
391 -138 345 
138 233 2 
86 -225 -425 
-345 477 320 
302 429 205 
325 -476 343 
-394 -319 -211 
124 249 -127 
209 186 174 
68 -322 89 
-253 -133 -14 
246 64 -55 
63 175 -443 
-326 -470 -86 
71 413 -233 
-445 -157 155 
161 -393 -328 
-129 -220 444 
339 -469 385 
92 -470 -101 
-63 2 -404 
463 -459 28 
-133 371 492 
465 107 149 
-99 -239 434 
-56 299 -259 
-217 -243 -420 
168 -150 342 
353 243 -304 
265 -44 -4 
-270 -348 -18 
-219 231 -309 
432 -228 214 
462 190 -127 
402 95 253 
-82 487 227 
206 -10 -194 
293 288 -192 
481 232 155 
-429 365 -373 
-108 -229 27 
-464 -241 480 
58 -208 -14 
-219 435 431 
153 429 58 
-348 -310 288 
326 -440 444 
-151 -452 88 
-135 -359 -311 
-460 -170 -321 
242 373 284 
-391 412 71 
461 158 -381 
87 -334 362 
-33 2 -218 
50 -92 144 
111 117 -368 
-25 231 329 
178 -342 210 
-335 -252 320 
-430 -313 259 
330 -399 278 
-66 -384 -448 
408 -141 123 
230 392 -90 
-445 108 67 
-491 -432 157 
-34 -243 -413 
-252 394 -99 
-87 -484 50 
238 408 397 
496 203 473 
-142 379 68 
425 -380 -405 
-265 162 -77 
56 171 -114 
39 476 257 
-114 -419 -453 
-92 -215 -290 
-61 359 -261 
-268 -238 -312 
284 434 366 
97 132 -338 
-246 427 -347 
54 -384 37 
498 -373 -248 
-225 -470 -130 
136 -197 -394 
-464 324 -177 
494 -359 -210 
314 -89 -385 
167 208 485 
367 85 -416 
406 -363 -477 
463 498 -45 
-124 -249 -271 
-200 -489 -78 
63 -354 205 
-445 -421 344 
463 14 351 
-307 192 -436 
2 247 172 
435 -169 466 
-228 -264 251 
63 268 411 
-480 31 -204 
189 238 106 
-28 -109 361 
145 311 247 
94 329 -73 
70 304 -446 
89 -215 -445 
-145 -14 187 
-251 391 -148 
-301 53 -51 
430 -28 -219 
273 -192 257 
40 -227 -360 
279 278 -269 
-214 -37 359 
224 69 232 
305 161 148 
-265 480 -344 
-492 324 314 
360 -172 -88 
143 473 -171 
37 -237 97 
497 67 -390 
473 408 -108 
153 -434 132 
-429 -131 -485 
-330 -297 -479 
75 -360 99 
220 -110 -188 
-380 -397 -149 
210 -447 -131 
416 59 406 
-194 118 138 
-317 -382 -150 
-167 498 -162 
64 -446 -434 
305 -196 122 
-37 271 485 
403 44 36 
39 -182 494 
-350 -471 66 
478 488 -401 
431 9 -434 
135 15 282 
280 -38 -6 
29 203 -85 
-199 -155 397 
-335 -419 -423 
99 122 -15 
73 83 345 
14 471 -143 
92 -467 -142 
83 272 -37 
-178 -459 72 
37 -428 293 
-179 324 -417 
309 -207 408 
-440 -318 342 
156 -308 -265 
142 -161 113 
-97 51 -463 
117 99 -450 
443 -17 -9 
-54 231 457 
-281 171 -369 
-26 298 -250 
-84 384 350 
243 -115 -333 
388 486 225 
-17 91 -427 
106 -372 229 
-15 -93 -40 
35 -130 -368 
482 483 411 
-369 -292 -285 
-253 -412 -230 
-354 313 244 
11 51 -312 
29 115 -250 
485 -476 -125 
-213 -29 81 
371 429 -488 
-381 -281 353 
361 27 -356 
104 -449 387 
-117 426 365 
-483 -27 -28 
-265 142 -228 
469 373 325 
110 472 35 
1 407 -456 
-7 -332 -262 
-382 -316 -449 
-421 -56 -467 
269 339 5 
-225 336 -5 
36 180 -306 
366 292 -103 
-182 -118 192 
78 225 211 
127 14 -166 
-314 -145 -200 
-123 -490 -265 
-159 -102 -385 
-104 242 -198 
-366 -420 324 
-119 467 -298 
254 30 -442 
-291 -244 62 
-45 394 316 
-45 52 -232 
109 -121 208 
103 -289 -168 
460 -451 -22 
-250 -197 -192 
-479 -6 264 
261 43 119 
390 6 -68 
448 188 -362 
17 276 22 
463 -352 -216 
188 -64 -214 
302 -150 422 
-455 -335 -494 
285 -349 29 
-370 -398 219 
-114 -286 387 
281 118 -404 
249 -164 423 
322 245 345 
21 -386 460 
486 -175 105 
-94 197 -345 
-69 -314 -95 
-485 -73 -188 
53 -497 456 
201 -483 -49 
404 266 -212 
142 -3 -156 
74 352 325 
454 369 15 
-410 500 -473 
447 108 -79 
320 171 242 
462 98 340 
-214 -349 218 
164 39 404 
-281 25 -353 
-175 488 -96 
-241 17 443 
164 -392 -247 
-412 -12 -65 
-217 313 220 
-17 -160 -264 
-450 183 -11 
-257 18 271 
306 350 -386 
-58 207 121 
-306 -297 -489 
-311 378 197 
262 170 271 
-112 23 1 
-436 394 399 
385 -203 -261 
-112 145 -220 
-43 413 -112 
144 483 -407 
-432 -337 -22 
11 208 408 
-127 258 374 
69 22 -448 
178 244 84 
-114 -306 115 
359 -193 397 
318 160 -56 
288 98 88 
-369 -382 415 
-156 -30 77 
444 -109 417 
-49 -380 374 
103 218 -40 
441 -227 263 
-234 55 15 
-228 272 148 
-101 -249 -314 
-425 400 -26 
-221 -279 393 
-294 260 -239 
-132 97 252 
205 487 -135 
474 -33 -494 
13 64 -402 
-264 142 414 
400 -342 456 
335 -113 217 
392 137 -413 
-19 -17 -12 
34 -431 -1 
-381 11 440 
-340 -36 120 
-266 352 -221 
362 195 -361 
-281 215 126 
-251 -207 -174 
152 -135 24 
380 -150 -474 
266 -52 130 
-319 454 143 
-75 391 -35 
318 -158 141 
-16 -104 -389 
-415 221 266 
488 157 -290 
-20 -269 436 
-70 12 384 
-125 -13 340 
358 411 415 
88 196 -320 
266 275 -323 
-309 214 -308 
421 209 333 
-193 -195 371 
-122 138 284 
183 -393 439 
150 472 373 
422 -258 61 
-247 -469 135 
51 311 37 
-462 150 -234 
-353 171 -151 
-460 201 170 
5 -409 305 
-428 -133 192 
-431 242 116 
157 -468 77 
-318 -109 348 
358 135 422 
42 18 -496 
-81 -76 116 
211 -264 382 
342 104 141 
-93 -201 271 
150 96 -112 
-208 -62 284 
-319 -313 236 
183 459 275 
-192 378 -357 
-448 -365 388 
-123 -138 480 
459 -229 76 
-329 303 254 
-361 42 -101 
-52 -453 -407 
-464 -448 418 
225 -384 -110 
317 388 -204 
349 -293 229 
198 -462 -142 
-446 -129 452 
-492 -306 -91 
-356 -276 -421 
-464 -262 286 
-84 -344 135 
387 386 -451 
-415 -170 260 
-434 -124 -82 
-218 -219 -429 
-383 -223 13 
-284 -443 -288 
486 -24 398 
243 26 -241 
196 151 -182 
222 -30 -170 
53 -238 -225 
80 270 -400 
170 327 63 
-442 -3 -454 
363 -227 -305 
-173 201 -352 
-346 110 197 
-214 -7 -10 
126 -170 -461 
34 -354 -408 
313 148 1 
410 -146 -317 
-212 157 467 
78 71 156 
434 -372 275 
261 28 273 
-377 287 -11 
-475 -1 92 
-218 -85 -441 
-101 366 -385 
-23 296 152 
-304 -470 -120 
119 -15 -219 
214 91 -317 
-105 -459 408 
96 99 -88 
119 -437 -68 
58 335 -368 
49 368 79 
295 -113 -272 
-85 -421 86 
-170 128 272 
-334 27 -453 
-313 -53 146 
409 -246 -140 
-350 -51 -20 
488 103 -310 
37 -125 162 
-126 -85 -449 
365 311 398 
-215 497 -262 
1 399 422 
-292 240 319 
-182 -413 -62 
250 -266 2 
97 260 234 
-432 -294 50 
-132 -433 -398 
199 -142 -480 
414 -224 -264 
238 -387 278 
-463 270 -236 
-170 473 -61 
-302 -157 123 
136 84 -309 
439 127 452 
40 -125 -247 
241 371 -123 
23 132 -28 
92 339 -151 
138 210 -324 
184 246 254 
-370 -208 263 
-47 -100 -52 
-415 69 187 
-115 426 -258 
-422 273 441 
-95 -456 -418 
-130 -214 -159 
-402 -300 134 
482 231 66 
-300 -429 -418 
-386 -495 -330 
-492 110 -342 
243 -126 29 
-273 -128 -415 
209 456 -112 
493 91 468 
-75 -167 249 
352 -303 -212 
235 144 279 
-93 376 78 
203 -478 -12 
424 294 -189 
28 243 439 
472 -331 -45 
252 -271 127 
459 173 312 
4 170 -127 
-136 26 340 
-35 -432 447 
95 43 106 
307 -28 -490 
-402 297 -155 
-70 269 -82 
-122 -360 -294 
-13 -350 34 
403 359 203 
-20 355 -199 
400 -486 39 
-177 388 94 
-35 -59 447 
-8 392 46 
294 319 -131 
-117 -69 -51 
-319 -470 -298 
-135 256 208 
-282 -384 363 
431 -39 429 
414 -137 481 
492 250 95 
87 496 -38 
-431 -261 -90 
-405 -362 3 
-80 147 63 
-256 177 307 
351 24 232 
-125 -365 -17 
-292 224 -156 
-16 195 174 
233 -487 -435 
-405 315 -385 
303 389 -482 
-71 320 286 
-364 265 354 
-324 270 111 
446 -418 50 
329 396 -291 
-331 -405 78 
228 92 53 
191 406 329 
12 413 -173 
-424 -204 170 
-446 -305 -149 
-295 129 308 
-400 346 -189 
462 500 -62 
-102 337 294 
-407 -342 378 
-460 80 -406 
479 45 472 
157 315 -388 
277 474 -475 
-128 -218 260 
228 -479 346 
355 -439 29 
-245 -60 19 
485 489 114 
-140 419 -425 
-491 -436 -253 
-102 148 183 
267 -295 2 
56 -304 3 
151 344 435 
-230 -176 276 
344 -361 82 
31 -380 52 
454 -297 63 
-376 -280 -222 
-480 440 98 
-299 191 -417 
-283 221 33 
-103 -426 -105 
376 200 -297 
-84 243 -157 
126 440 319 
-407 -331 364 
204 81 297 
35 45 157 
126 347 -461 
394 376 -163 
-296 -376 -74 
332 432 -439 
-343 -154 55 
72 -114 -192 
-277 241 -125 
223 349 -173 
-178 187 -71 
-379 -453 193 
-439 449 -149 
-93 191 307 
99 -248 494 
-365 109 179 
-11 -211 -444 
287 9 393 
7 -226 -236 
-473 465 299 
-124 430 196 
-306 377 44 
-108 -249 -339 
321 -128 499 
157 -45 -367 
131 -180 373 
-231 -174 208 
461 -106 -133 
-230 466 478 
-499 387 -328 
342 -447 -386 
376 -235 -452 
477 -147 -465 
-299 3 344 
85 323 393 
-460 -10 393 
203 -312 213 
120 -233 -270 
24 -34 455 
-404 448 487 
192 409 -230 
201 -253 -108 
169 292 -286 
-246 209 -215 
148 308 142 
295 67 -271 
-180 253 -45 
-124 466 107 
62 249 43 
437 -47 194 
96 -74 -39 
31 46 -90 
390 100 -54 
-266 -162 -341 
-61 -440 175 
287 -51 74 
335 215 -491 
-391 452 -281 
-247 107 225 
345 157 4 
-256 277 436 
-276 -158 -163 
261 -137 355 
365 -5 3 
95 -278 -127 
68 -235 245 
-310 227 -83 
-371 96 -218 
-124 382 -187 
-150 -392 -27 
-275 -286 -234 
-189 451 105 
75 -232 -157 
355 -485 306 
-402 -109 421 
451 -246 -318 
304 -13 268 
-149 -298 -18 
-280 300 -74 
-491 -425 311 
344 -69 181 
136 -185 267 
-340 -121 -140 
-68 182 387 
-292 109 -242 
-24 115 -131 
-420 -292 31 
-160 184 148 
155 -57 3 
201 67 498 
344 -448 -143 
-24 -291 -433 
464 -322 -337 
-493 241 -171 
-72 249 -219 
-404 370 305 
-242 53 10 
324 -336 -334 
-166 16 -480 
49 276 -144 
273 140 470 
5 227 -203 
280 445 343 
61 -118 128 
147 170 -270 
28 448 -193 
-145 -96 97 
-166 103 -281 
-242 -367 368 
284 -388 -492 
-215 -481 222 
-402 315 157 
-435 268 90 
-163 348 215 
312 97 -164 
-457 -144 -333 
436 57 -398 
-3 -206 240 
450 -437 -461 
-87 -188 274 
-190 72 -274 
-189 -132 -92 
269 -413 -300 
76 343 -222 
-256 68 -326 
320 46 -99 
253 -407 -217 
-366 450 394 
226 -25 334 
-491 -477 252 
427 -175 183 
-199 190 143 
60 -466 313 
-184 -133 -181 
-404 -99 208 
30 265 247 
147 438 339 
-98 249 260 
132 41 -461 
-158 -303 -85 
-161 203 -3 
-246 -273 221 
-374 154 -31 
194 -458 -407 
196 71 407 
-55 -267 150 
-214 -42 235 
-483 -144 99 
302 -23 391 
-33 -4 264 
310 461 -410 
-172 36 290 
-408 -165 -202 
131 362 -68 
-435 -115 -255 
475 402 335 
262 -134 409 
418 -315 130 
37 146 472 
138 -319 -232 
74 84 221 
-192 7 224 
-7 172 -486 
-485 -86 -257 
54 496 197 
-32 398 -378 
312 388 -38 
-195 -412 418 
-107 129 461 
85 437 171 
14 280 -7 
-246 -336 -412 
327 -44 147 
-285 -92 150 
175 -45 -398 
289 -202 492 
-124 -203 90 
-248 -24 -427 
-361 144 221 
237 -284 -6 
42 10 366 
216 23 418 
-18 -276 -187 
-201 360 60 
389 -235 -236 
-138 -68 -90 
363 -478 -192 
421 -399 -411 
274 298 -31 
125 -100 491 
485 4 353 
-404 206 293 
25 42 18 
-127 -275 -458 
-323 335 -94 
312 91 -53 
500 328 -255 
-34 455 114 
-440 35 -451 
231 15 468 
-433 123 -438 
-428 147 -327 
-156 166 401 
-354 374 -112 
390 -96 217 
94 -296 -139 
-129 -75 -57 
-208 65 -420 
-81 -118 83 
-420 -199 387 
-196 -92 262 
304 -228 71 
402 -175 500 
-468 -83 -325 
-12 467 196 
411 377 -370 
-331 -454 -18 
-368 365 -394 
-172 297 60 
473 -247 -375 
434 101 99 
262 33 -196 
-67 -168 193 
-272 363 -138 
27 295 -205 
236 -136 -225 
-102 411 -407 
-384 247 -80 
251 -55 -60 
442 -404 141 
430 413 461 
-375 218 15 
-299 228 -80 
299 -479 -259 
449 -94 -232 
442 -256 356 
-84 -87 -373 
-458 -126 218 
-161 -483 256 
-163 26 230 
-456 253 -402 
137 220 135 
450 -421 385 
-417 -294 -183 
-155 228 301 
102 305 -203 
-337 415 -394 
390 -391 98 
-97 275 322 
-83 -216 50 
435 -360 20 
75 57 311 
-167 -459 -114 
94 246 -30 
-152 447 -119 
195 296 337 
450 41 -86 
13 481 433 
253 -41 -350 
487 -423 -53 
499 -89 473 
-263 -81 302 
-439 -119 335 
352 -484 101 
-67 54 -116 
102 212 145 
-9 -286 254 
138 290 487 
-432 429 44 
267 -406 277 
114 273 -497 
2 215 65 
309 150 401 
-175 31 264 
25 -391 20 
16 -247 200 
194 -484 -86 
-125 -42 -20 
491 -332 272 
-279 425 240 
327 31 497 
-121 -250 -385 
-2 306 -12 
-244 -12 70 
-208 -31 484 
-124 82 -135 
-311 -120 165 
462 202 346 
-29 448 194 
395 -419 153 
425 52 -139 
490 273 64 
-390 -230 -369 
-435 -136 -402 
-246 298 -31 
339 28 -240 
-301 213 453 
340 383 -361 
-266 -465 213 
324 -191 -361 
117 153 -274 
-455 -76 209 
-283 -353 -336 
-274 6 -22 
79 35 -205 
-394 485 -90 
389 477 324 
399 370 -451 
164 237 314 
311 -457 -136 
-50 175 184 
418 -255 -296 
-305 -109 383 
423 -103 -249 
-295 -318 160 
-113 162 26 
89 457 368 
210 -138 291 
279 -96 -391 
-473 -411 356 
-136 -184 447 
431 60 -377 
405 -136 -284 
-79 280 445 
358 -125 -239 
402 208 -58 
25 446 -153 
75 39 298 
-274 -318 167 
-123 308 478 
-236 303 110 
484 -26 -393 
-481 132 -424 
371 -488 322 
88 -291 -468 
485 -213 -152 
108 -232 -413 
99 -345 -86 
-256 244 82 
299 116 75 
-117 240 307 
-307 -197 297 
169 -215 -104 
368 -176 -58 
181 138 276 
278 -275 487 
146 -149 -132 
-107 -315 65 
-277 480 -37 
-461 306 165 
-262 -270 342 
101 -428 -455 
-11 -422 -111 
-493 35 428 
-374 227 200 
199 275 -285 
73 106 11 
-198 28 -290 
-485 180 -247 
-99 -151 417 
-364 382 154 
-414 20 -118 
90 112 -327 
-254 132 419 
-171 -183 -116 
-378 471 -236 
-396 427 156 
479 -390 246 
-111 -139 118 
-265 495 330 
-354 488 82 
5 -88 -283 
-383 -116 -459 
-234 264 187 
38 -453 207 
-492 -259 -320 
-490 204 -456 
47 156 113 
-144 -448 -36 
-475 12 377 
293 -2 -225 
244 -288 -174 
14 -442 21 
-140 -174 -263 
113 -127 191 
-151 -243 -38 
458 -222 -153 
-179 466 -176 
-22 -21 -450 
-409 -301 374 
-299 -142 -181 
-263 101 190 
495 -47 -24 
-191 141 -82 
-228 225 45 
-478 -406 -270 
7 -87 -262 
420 -190 5 
-95 -327 -277 
-481 219 242 
329 62 -287 
288 263 278 
-52 -345 407 
422 158 198 
20 -332 313 
-305 425 -168 
275 420 -349 
196 -499 -365 
264 159 208 
-319 -384 -449 
407 65 171 
-317 -193 -385 
52 450 -150 
-415 -16 140 
260 -178 -314 
-486 -200 356 
354 280 110 
15 -193 18 
68 -177 46 
389 -182 315 
-321 -227 -96 
289 149 -347 
355 -322 284 
-98 -230 407 
171 -435 137 
306 100 133 
473 -254 457 
-419 -439 464 
-109 -494 416 
81 -328 14 
-431 -111 389 
-496 404 -181 
-129 101 421 
159 -431 -304 
-282 -431 362 
-104 -34 -372 
-222 -483 411 
-169 -64 481 
227 421 243 
60 -247 446 
-221 319 -11 
116 115 346 
-293 -201 142 
-367 45 4 
485 354 -117 
177 -331 290 
-140 -419 93 
163 157 123 
187 90 455 
-304 381 -384 
-80 -440 489 
38 392 -353 
-55 -76 -400 
-433 -53 -13 
337 321 -231 
-225 -252 356 
344 -251 -1 
-248 -102 477 
32 381 164 
-45 139 416 
-302 2 488 
-426 -12 262 
-157 145 -322 
-264 -210 437 
-422 166 153 
289 452 -151 
317 293 274 
-282 -216 67 
-100 485 -210 
392 -287 361 
171 -310 489 
-189 292 469 
-46 5 -303 
-276 475 53 
-436 71 179 
-154 -175 -46 
364 -320 430 
382 -141 245 
-179 -242 -383 
-144 418 164 
-296 67 297 
-36 -145 275 
-134 129 164 
-33 169 337 
-177 -40 -49 
496 167 -13 
206 411 375 
225 115 -248 
-227 -404 336 
375 -472 -151 
452 -217 199 
395 57 168 
-157 -495 -54 
445 -59 -85 
-117 -284 156 
155 266 383 
384 -283 365 
103 424 454 
-82 -32 173 
372 104 255 
-135 131 -115 
472 228 -244 
355 14 133 
-141 -210 -236 
-138 72 405 
-216 69 87 
285 327 -73 
10 18 194 
-228 84 -496 
-96 285 275 
432 -323 390 
-306 3 -63 
-432 416 -116 
248 -234 392 
423 -250 -246 
315 -406 27 
-468 487 183 
-175 -406 202 
265 67 293 
-309 325 495 
-187 -136 -495 
-269 443 341 
-419 -483 395 
69 -80 250 
-409 411 -235 
-246 498 -304 
234 488 383 
321 464 -71 
-439 281 -66 
123 -492 -498 
-8 -402 364 
340 -11 42 
468 210 -398 
-455 -240 228 
310 -460 -205 
-9 135 -468 
47 -372 -185 
399 -50 -332 
-26 32 10 
229 495 417 
309 -62 395 
-6 -53 2 
-152 -151 -424 
-206 -451 337 
307 -471 -81 
-262 -151 -114 
-421 201 454 
-90 -49 -401 
121 280 475 
128 87 52 
-37 374 -109 
-136 471 -84 
127 -147 495 
-400 -381 92 
141 232 -332 
-351 -9 325 
12 93 -500 
-479 -451 254 
169 401 69 
142 404 -251 
-468 285 -391 
-127 132 128 
-99 -371 -202 
146 302 -393 
293 -297 -50 
-87 350 438 
144 -474 479 
411 -254 -417 
-138 -403 -355 
364 -467 441 
-281 257 -111 
420 -96 224 
-75 22 -485 
-409 228 381 
-355 93 -295 
148 450 -318 
-200 369 -191 
-14 -62 273 
-19 29 -97 
-105 -355 -227 
67 200 325 
292 430 14 
421 195 261 
167 22 -364 
216 -321 339 
-381 402 325 
-353 -76 308 
-10 -332 -47 
-45 -346 -258 
-179 -292 173 
-465 -272 387 
319 -402 -226 
-480 -341 276 
-357 -100 -73 
172 -94 89 
319 493 -84 
-51 116 -328 
476 302 256 
-433 328 -208 
319 -354 -435 
174 -29 212 
-174 244 375 
-220 -201 -144 
-213 164 84 
-307 -344 -126 
-449 -154 -428 
179 366 107 
-195 -305 103 
-438 -351 -470 
-115 380 75 
-216 140 126 
299 257 128 
-209 64 216 
262 -436 -321 
359 2 -298 
13 206 192 
-200 -116 330 
280 169 -102 
130 -176 102 
-297 178 -416 
-41 -144 -194 
-39 -162 290 
247 -22 107 
365 -312 218 
-47 -159 425 
-370 -399 -419 
-239 185 -106 
249 -428 -62 
-73 254 456 
199 -308 -62 
-495 76 -250 
71 -243 -292 
-13 -358 -346 
-100 -439 355 
-341 373 230 
-380 -459 316 
-4 -232 -99 
-181 152 -121 
297 -223 -267 
-399 134 -60 
51 -29 -41 
474 -140 292 
-449 414 77 
222 186 -168 
209 498 -491 
408 -234 340 
135 199 83 
84 -308 -209 
375 -55 394 
276 -336 -203 
390 479 449 
19 -267 -425 
-413 -282 -466 
345 160 -24 
368 -327 -400 
-165 -465 338 
119 -160 132 
-428 -387 -362 
397 -347 -374 
-352 -200 -40 
-186 -280 -137 
134 26 286 
-451 305 -199 
60 238 161 
-398 4 -77 
222 -223 100 
126 -382 44 
-458 -416 -462 
-114 -420 57 
-21 -32 -334 
164 145 -50 
-34 -265 415 
-129 -310 -116 
-247 -193 -217 
-64 -305 -309 
442 434 -259 
136 188 -6 
415 398 117 
-307 468 91 
14 410 -442 
-102 265 -10 
106 300 101 
17 330 -300 
-206 416 182 
-191 91 103 
-150 -467 -285 
311 284 -39 
409 -482 -340 
-164 -314 -53 
230 -407 64 
-481 -235 -230 
-473 -247 23 
-286 302 10 
-354 445 -432 
-401 311 117 
14 -166 -479 
299 -65 -437 
183 -184 -374 
-433 -211 159 
155 -152 -132 
-354 -430 -209 
-308 -414 -42 
317 -237 -494 
477 -43 -457 
-423 181 55 
-190 -267 -277 
-458 109 -476 
-189 -339 -115 
-221 -225 -99 
-86 -352 -98 
479 -139 -485 
-48 2 97 
490 214 334 
-407 -34 437 
-220 432 -261 
78 30 -446 
472 -444 470 
163 -287 -341 
156 474 -381 
111 42 108 
67 163 -59 
-259 -441 124 
-338 142 194 
-36 -307 -27 
207 83 -471 
-187 90 -436 
-70 -85 51 
-375 -443 414 
135 -202 161 
-394 236 -317 
157 -44 -243 
176 18 -356 
482 -374 -398 
132 -42 265 
-372 -155 -286 
-83 -464 367 
-127 230 -206 
-110 468 386 
-400 241 264 
435 -169 374 
149 99 438 
134 -297 452 
130 285 99 
-150 -440 105 
-184 2 436 
185 -454 -65 
-85 166 -274 
-338 -456 -132 
485 -121 333 
-478 -194 289 
-65 -488 40 
66 470 180 
234 -455 162 
127 -365 -214 
257 -330 251 
480 -266 211 
248 25 -229 
51 130 -411 
80 -237 -182 
-237 253 138 
438 255 -176 
-58 -227 -460 
-305 -13 421 
360 -307 -175 
-358 414 424 
328 -54 -211 
-81 298 -278 
336 -134 -139 
191 50 -27 
481 -209 479 
20 -376 -471 
-356 -459 53 
-359 -119 439 
235 361 93 
-418 -350 46 
-447 -212 -475 
277 -484 130 
303 311 431 
439 168 -462 
284 487 -177 
182 271 -256 
384 146 -152 
-397 168 -235 
-12 34 -212 
-12 -232 92 
142 116 378 
-412 154 -496 
430 -493 459 
-36 -133 41 
-410 -75 92 
494 -343 257 
112 417 -29 
432 -411 -29 
-319 370 -194 
1 143 -160 
-442 -415 403 
303 90 215 
-21 182 321 
-493 -167 -397 
-238 412 -490 
419 -90 -410 
-107 -355 405 
-319 -1 83 
-258 -430 -5 
299 -377 235 
-372 14 435 
-271 -3 224 
118 -74 415 
345 -330 -315 
-335 -332 23 
115 96 -384 
264 497 43 
-183 -40 -210 
107 -475 -147 
458 -113 352 
191 12 89 
-118 -484 278 
-52 -355 383 
372 3 255 
126 -102 -386 
484 -76 46 
269 438 -96 
404 -119 -24 
238 -400 -444 
-371 305 -266 
146 79 6 
335 -23 -288 
-195 75 331 
-451 469 273 
437 -485 26 
-8 431 -65 
461 105 -178 
-411 62 47 
149 -138 178 
-283 469 -322 
256 95 -41 
355 241 202 
287 -28 485 
292 348 -416 
156 -393 60 
-267 453 -374 
-139 194 351 
-441 88 -498 
-354 -237 -136 
175 -475 44 
322 -255 -203 
-195 -215 485 
89 154 234 
-51 -131 -63 
133 154 430 
-25 -27 477 
-442 56 -191 
-67 244 -157 
461 188 440 
493 145 -317 
-212 -150 -397 
-20 -436 152 
-395 447 -51 
305 8 258 
-86 395 134 
-233 194 -185 
-207 -445 167 
-427 336 199 
-284 470 -138 
-449 -23 345 
-31 498 367 
349 -62 455 
115 -357 417 
251 -413 -377 
-114 39 -151 
482 -59 -89 
-42 92 32 
-48 -376 -183 
-449 375 125 
-165 442 16 
223 155 43 
238 -486 448 
270 -67 98 
231 95 -336 
236 58 -407 
121 -166 237 
321 -185 -422 
-396 -457 -18 
292 -211 -278 
-417 -173 -300 
4 -77 -167 
-405 -52 -435 
-335 -70 -487 
-46 -347 480 
-320 5 47 
47 -317 41 
-128 216 -211 
-443 120 210 
-348 375 132 
-103 -143 74 
478 310 -146 
311 -186 -241 
455 176 498 
192 -317 36 
445 186 -456 
148 94 341 
321 -252 -94 
-364 440 350 
-248 -152 -450 
-470 290 -116 
483 -421 -344 
69 -249 -157 
-16 440 468 
387 -31 -93 
-385 -158 405 
-172 292 -213 
364 42 6 
307 81 -400 
60 -427 219 
-144 196 89 
461 236 -135 
47 303 201 
228 272 313 
-387 -310 -234 
212 330 -347 
-25 486 413 
306 6 -48 
-295 -31 -12 
-498 218 456 
-295 -97 -452 
13 -309 -459 
-470 -156 -120 