   41 -322  431 
  300 -409 -456 
 -235 -294  442 
  318  327 -426 
  292  358 -387 
  183 -242  437 
    1 -116 -247 
  138 -260 -273 
  197  355 -497 
 -206 -334  498 
   29  146  292 
   22  226 -425 
  216  322 -359 
  -41   90  345 
  219 -317  457 
  -77 -375  411 
  -78  -86 -384 
   99 -130  159 
  -11  110  342 
 -224 -258  318 
  143 -264 -439 
   23   43  108 
  181 -408 -439 
 -315 -427 -472 
  145 -392  416 
  397 -410  452 
  -26  225 -399 
   -5  -69 -497 
   95  271  302 
  -87  294  474 
  -53  225  265 
  -91  281 -387 
  -99  272 -439 
  268 -281 -496 
   59  239 -487 
 -212 -333  487 
  -87 -189 -445 
  256  434  485 
  -39 -257  269 
  103  432  454 
  -26  131 -154 
 -118  276  343 
   15  224  288 
  310  338  377 
 -302 -338 -435 
  -50 -337  420 
   -5  -95  462 
 -225  270 -375 
   34 -134 -265 
  161 -313 -371 
  267 -364 -437 
   16 -427  428 
 -107 -175  246 
    4 -154 -403 
  149 -291  376 
  183 -250  431 
 -130 -239 -275 
   13 -287 -411 
   19  201 -265 
 -136 -150 -182 
  151 -410  446 
  219  387 -485 
  108  160  297 
  250 -386  491 
  118  406  425 
 -119  323 -324 
   -3  161 -241 
  158  163 -458 
  -91 -112 -293 
   -1 -413 -421 
  -38 -378  471 
  142  188 -224 
  344  369 -413 
  172 -209 -272 
  -25  140 -167 
   23  121 -151 
  -48  169  422 
   77 -106  408 
  248 -423  493 
   19 -167  213 
   -6   52 -481 
  -76  118  365 
  -47 -123 -433 
  244  262  461 
 -210 -286 -454 
  231 -395  478 
  125 -302  310 
  -43  349  482 
 -235  299 -427 
  -71   98  358 
 -330  384 -468 
  147  292 -310 
   15 -170  457 
 -225 -279  331 
  -58   92 -497 
  -81 -375 -494 
 -252  296  415 
 -141 -175  439 
 -102 -458 -479 
 -166  303  413 
 -135 -196 -499 
 -123 -335  371 
 -156  235 -364 
   45 -482  490 
  -27 -300 -350 
 -116 -306  440 
  113 -249  407 
   32  295 -374 
  -56 -134  403 
  -52 -128  436 
 -115  276  315 
  236 -242  335 
 -157  322  447 
  -14 -486 -498 
  -77  178 -483 
  -65  166  175 
   90  228 -346 
   55   76 -249 
   -2  -39  300 
 -127  359  493 
 -104  372  492 
 -155 -214 -249 
   56  225 -400 
  -53  329  368 
 -141 -232 -266 
   -3  360  413 
   82  267  315 
  -13  -37 -204 
  -20  -77  416 
  -84 -297 -438 
   39   85  172 
  179  255  395 
  318  388 -434 
   27 -242  500 
   78 -202 -334 
 -193  217  435 
 -315 -361  484 
   47 -429 -497 
  110  134  405 
 -121  340  381 
   32   33 -337 
  240  253  483 
 -353  442 -474 
    7   72   96 
  -91  151  372 
  189 -248  481 
  148 -228 -251 
   55  142  481 
    2 -107  299 
  -84 -356  373 
  113  126 -280 
 -324  331 -371 
 -402  424  444 
 -120  185  263 
  398  399 -500 
  -12 -452 -481 
   58 -171 -444 
   -6  294  300 
   26   53  451 
 -256 -364 -400 
   27  -76  347 
   61 -132  397 
   28  220  321 
  -61 -382 -431 
 -101  104 -267 
   93  184  303 
  -25  114 -225 
  303  309  389 
   29  126 -425 
  -52 -139  192 
  -90  314 -394 
  244  297 -477 
   10  259  435 
    9  -76  256 
   52   94 -295 
  -54  121  185 
  -50 -145  482 
 -345  363  371 
   80  154  448 
  -11  356  418 
   90  246  275 
  258  316 -408 
   48  -66  245 
  277  324 -358 
  157  229  392 
 -112  117 -152 
  100  191  366 
  -30 -108 -121 
   84  475 -488 
  -18  405 -446 
  330 -360 -435 
 -198  304 -389 
 -108 -121 -153 
 -305  311  485 
   -7   57 -243 
   95  178  357 
 -111 -116 -237 
 -249 -403 -438 
 -112  184  388 
   42 -360 -483 
   58  110 -135 
  216  388 -454 
   -5 -174  349 
  199  362  373 
  -70 -268 -497 
  -39  135 -435 
   10  149  393 
  360 -407 -456 
 -194  382 -428 
 -150  163 -253 
 -413 -476 -496 
 -170  273 -372 
  247 -447  475 
  309  408 -452 
  -19  120  438 
  132 -268  448 
  -77 -176  340 
   34 -171 -490 
  271 -333  457 
  -93 -170 -452 
  178  227  254 
 -285 -352  386 
  201 -336 -379 
   -7  -62  115 
   36 -126  248 
 -140  254 -464 
   93  237  244 
 -177 -330  497 
  205  239  378 
  -11  156 -191 
   11  353 -397 
  304  344 -497 
  232 -253 -293 
  314 -349  419 
  -95  234 -251 
 -194 -258 -491 
   68  189 -288 
  -76  312  426 
  146  410 -471 
 -334 -461 -480 
   27 -181  478 
 -303 -337  435 
  234 -268  366 
 -259 -410  426 
  214  299  455 
 -137 -378  437 
  -54  360 -455 
   42  340  467 
   86  204 -482 
  150 -189  393 
  300 -357  376 
   94   96 -171 
   10   19 -226 
   16 -199 -345 
   61  282 -397 
   -8  -22 -225 
 -127 -173  490 
   34  -81  -87 
  -45 -148  500 
  140  235 -465 
  100 -357 -465 
 -130 -132 -367 
  -99 -236  304 
  106  137 -422 
   -8   11   59 
 -102 -112  345 
 -201 -416 -463 
  170  248 -454 
 -247 -373 -466 
  192 -309 -467 
 -127 -160  232 
  111  449  470 
 -195 -254 -286 
   24  169 -431 
 -229 -262  470 
  117 -282  354 
  -50 -235  409 
  137  206  238 
 -272 -412 -438 
  -52 -205  499 
  -47 -179  305 
 -106 -158  431 
  231 -373 -450 
  308 -473 -482 
  139  172  271 
 -117  130  390 
   49 -259  499 
    7   74   93 
   62  -73 -377 
  161 -396 -458 
   73 -318 -361 
 -140  371 -418 
  -18  138 -379 
  249 -337  346 
  253  375 -465 
 -341 -346 -479 
  -51  -67 -466 
 -389 -448  483 
  -54   57 -499 
  -90 -149  363 
  -48  339 -369 
   55 -162 -211 
 -122  232 -235 
 -205  317  351 
   63 -214  419 
   91 -297  390 
   38 -340  419 
   60  330 -488 
  -29 -225  434 
  -50 -289  354 
   41 -133  457 
    7 -193  469 
   21  241  494 
  170  314  467 
 -163 -234  329 
  -47 -151 -436 
 -145 -236  486 
   43  201  398 
    1 -111  215 
   -5   91  476 
   27  164  281 
  163 -213 -410 
  230  408 -469 
  142 -441 -476 
 -261 -413 -462 
   18 -164 -284 
   38   70  473 
   46 -358 -487 
  -38  -89  464 
 -232 -243 -323 
  -73 -387  399 
  -93 -249  470 
  105  249 -343 
  144 -197  336 
   55  114 -181 
  167  174  326 
  268  387 -478 
  -79 -284  420 
  178  184  405 
 -221  273  348 
  -61 -168  326 
 -135 -254  255 
   70  -77 -212 
  -15   63 -216 
  132 -276 -426 
   18  142 -202 
  258  313 -345 
 -165 -256 -428 
  -29  160 -352 
  127 -192 -404 
   66  434  457 
   56 -279 -351 
 -215  285 -390 
   91 -166 -462 
  271  377 -378 
   68  338 -372 
  152 -158  347 
  -26  -51 -328 
  163 -314 -361 
  -58   81 -442 
    9   67 -489 
    8 -387 -440 
   16  -35 -433 
 -378  382 -436 
  113 -272  325 
  -54  -78 -419 
  -83  241 -470 
  -72  278 -453 
  139 -348  479 
  -37 -414  483 
 -150  209  337 
  -34 -295 -394 
  350 -372 -435 
  -33  444 -450 
   22 -144  490 
   23 -240 -323 
  -13 -216 -434 
 -358  370 -478 
   17 -494  498 
 -226  331 -489 
   23   61  447 
  -86 -245 -304 
  159  365  378 
  255  290 -485 
 -154 -171 -389 
  -68 -369  419 
    2   60   94 
  271 -325  395 
    9  -57 -125 
  -78  307  484 
 -139  225  468 
  -89  263 -456 
  -55 -127 -146 
  -86 -209  346 
  175  229 -495 
  -20 -175 -234 
  134  430 -480 
   25  -94  205 
  -44 -253  370 
  -28   39  457 
 -155 -434 -498 
 -227 -231 -241 
  -28 -225  397 
 -161 -219 -255 
  155 -167  183 
 -218 -372 -488 
  -47  168 -314 
   83 -228  441 
 -295  367  420 
  167  248 -392 
  -28  403  405 
 -101  196 -417 
    5  -54 -148 
   40 -311  425 
    6   39  499 
   84 -147 -345 
   43  171 -344 
  -72  359  452 
  -58  331  365 
 -348 -362  466 
  -35  237 -310 
  -84  197  224 
  232  292  460 
  -16   69 -414 
  -46  181 -203 
 -148 -175  214 
  -65   67 -171 
 -140  165 -388 
    8  246 -319 
  -35  -49  165 
  -60  346  399 
   96 -184 -404 
   32 -211  430 
   45  412 -471 
  242 -466 -489 
  -44  -94 -133 
 -214 -374  496 
 -206  340 -394 
 -199 -204 -426 
  217  275  424 
    8   97 -340 
  -74 -349  386 
   59 -165 -479 
  156  257  377 
   49  120  370 
  -42  455 -463 
  110 -206 -334 
   16   84 -354 
 -286  290  455 
 -123 -261  436 
   49 -306  471 
  115  289  465 
 -173 -274  473 
  122  275 -333 
  -57  -59 -335 
   82 -375  423 
  219  355  436 
  -49 -492 -497 
 -287  409 -411 
   18   79 -456 
  -96  254  359 
 -240 -439  459 
  336 -418  447 
  361 -450  487 
    2  -50 -367 
 -113 -388 -492 
  197  253 -352 
    5 -125 -269 
  -37 -257  336 
    1  261  332 
 -205 -310  406 
   56 -225 -266 
  168 -203 -437 
  208 -266 -386 
  -93  264  314 
  143  239 -447 
  103  228 -475 
 -367 -422 -426 
  256 -363 -412 
  341 -421  476 
   66 -113 -452 
  -58  260 -268 
  399  449 -458 
 -151 -257  384 
  -92  425 -439 
 -354  446 -481 
  317 -346 -375 
  -36 -294 -363 
 -183 -199 -226 
  -83  -92 -257 
  -39  195  486 
   53 -351 -477 
   57 -185 -372 
  -63   80  416 
  320 -354  436 
  224  290  325 
 -146  221 -281 
  143 -197 -363 
  197  266  279 
 -118 -365 -442 
   25 -222  441 
   -8   96 -483 
  -88  -99  234 
  -72  104  406 
  -32   85  190 
  112  197 -476 
  117  229  298 
   12  108  339 
   -2 -168 -254 
 -125 -180  376 
  350  353  393 
 -227 -439  467 
  -22   97  359 
   45   70 -344 
 -253 -320  398 
 -151  422  474 
 -229  279 -287 
   34  122 -439 
  102  113  417 
   36  208  220 
    2 -170  440 
  130 -440 -498 
   -6  -51  286 
   12  -38 -497 
 -316  374 -441 
  103  317 -361 
  -32 -165 -430 
  -69  246  396 
 -131 -263  417 
 -363 -377  466 
  -75 -202 -279 
 -192  213  228 
  -81  297  332 
  100 -358  447 
 -224  351 -465 
 -325 -407  469 
 -113  177 -488 
 -364  473 -484 
  188 -238 -383 
  154  167 -176 
   38 -198 -375 
 -121  124 -462 
   59 -222 -305 
 -280 -288 -487 
   62  247 -475 
 -197 -275  323 
  -69  360  421 
 -331  460 -490 
  294 -306 -313 
  333  407 -448 
 -132  135 -479 
  -69 -178 -353 
  -21   29  131 
   56 -398 -455 
 -202 -363 -436 
  372  439  481 
  -76  133 -392 
   29  304 -325 
  289  333 -373 
   15 -244  452 
   59 -181 -419 
  199  338  380 
   88  209  265 
 -106  202  363 
  123 -439 -463 
   22  -34 -324 
 -217  242  366 
   79 -198 -207 
  122 -424  488 
 -114  213  392 
 -438 -473  484 
  277 -285  487 
  -46 -247  296 
 -208  300 -312 
  -42  -99  496 
  -86  233 -344 
  128 -202  473 
 -134 -169  285 
  -93  313  488 
  122 -262 -329 
  -49  223 -440 
  107 -170 -209 
   54   82 -258 
  237 -369  465 
   35   98  242 
   -4 -157  285 
  -67  -87 -149 
  160  435  444 
    8   61 -278 
   21   54  301 
  -41   80 -498 
  -24  278  394 
 -156 -210 -406 
  167 -185 -392 
 -377  401  414 
 -180 -299 -465 
 -138 -342  371 
   -2  431  438 
  165  289  424 
  188  244 -492 
 -231  465  475 
  -97 -321  458 
  136  301  334 
 -136  145 -177 
   26  136  310 
   63 -283 -483 
   94  140 -346 
  282  321 -495 
  151  319  431 
   47 -265  376 
   -1   60  112 
 -295 -390 -499 
   86  178 -337 
  -82   91 -405 
 -279  308 -400 
  -43 -254  496 
 -102 -315  397 
 -161  462 -467 
  -87  120  464 
   90  286 -366 
   16  125 -274 
 -382  406 -446 
  -61 -148  247 
  117 -210 -487 
    5  215 -457 
  192 -288  381 
    8 -250  409 
  109  165  324 
   57 -250  346 
  127  141  473 
 -234  400  460 
  223 -364  440 
  -77  298  330 
  237  281 -366 
    5  -26  264 
  -82 -164 -313 
 -269  272 -418 
 -240 -460 -499 
  -85  172 -345 
   93  459 -483 
  289 -352  448 
   -2  -25 -492 
  224  251  268 
  -78 -289 -432 
  207  237  356 
  -55 -216  455 
  -82   94 -466 
   50   64 -352 
   25 -170 -260 
  135 -251  279 
 -103 -138 -435 
  234  454  483 
 -439  453  474 
 -266 -276  353 
  -78 -283 -439 
  -12  153  177 
  155 -440  443 
  -34  -97  230 
   95 -310  338 
   23  298 -385 
   21  274  301 
   21 -181  241 
  -16  299  316 
   29   38  212 
   33   74  269 
   75  376  407 
   64 -183 -485 
  117 -127 -240 
  147  272 -318 
 -143 -290 -304 
  -76  -79 -236 
 -262  298  406 
  116  189 -379 
 -177 -383 -484 
  112  235 -456 
  139 -364  435 
   59 -148  436 
   42 -204 -240 
  -29  132  415 
  -53  370 -433 
 -135  153  483 
 -306  478  482 
 -403 -451 -473 
   44  179 -200 
  -66 -122  370 
   27 -302  471 
  -88 -379  498 
 -109 -120  312 
 -103 -181 -194 
   33  -81 -178 
  232 -429  451 
   20 -191 -321 
  -50  223  446 
  124 -421 -461 
  -38  -69 -232 
  224 -308  449 
    1 -160 -375 
  169 -218  350 
   -4  146 -214 
  114 -120  297 
   97 -349  468 
  137 -234  444 
 -234  260 -449 
  -49  478  498 
 -185  271 -311 
  222  326  354 
  -56  148  393 
  -39 -221  262 
 -128  258  416 
 -192  325 -408 
 -256  285 -365 
  -53 -182 -438 
  -64  107 -182 
  123 -242  439 
   11  239  240 
  -32  455 -470 
    7 -189  477 
   91  321 -377 
  -32 -413 -450 
  112  240  439 
  -76 -162  232 
   59 -420  449 
  -83  101  328 
  112  309  358 
  -69 -189 -191 
 -281 -405 -453 
   32 -260 -296 
  101  427 -500 
   -4 -134 -421 
   25   94  227 
 -112  134  155 
 -246 -368 -411 
  -39 -281  307 
  -36  -40  355 
   54  155 -493 
 -259  284 -452 
 -114 -278 -459 
  -73 -237 -414 
   17  -79 -204 
   35 -331 -410 
 -135 -259  456 
   93 -324  448 
   22  282  373 
  -48 -211 -451 
   28 -158  179 
  219  445  450 
  374  438  475 
   30   36  -72 
  -46  148  326 
  -32   76  480 
 -175 -193 -342 
 -203  281  405 
  -96 -211  409 
  -32 -102  297 
   15 -214  252 
   74  250  354 
   64  461 -490 
  241  314 -405 
  -68  304  487 
  -88  139 -324 
  122  137  426 
  -83  327  437 
  -18 -274  378 
    2  -97  105 
   35  363  481 
 -182  238 -406 
  230 -299  395 
 -121 -366 -436 
  -36  262 -330 
  -59  182  437 
  239 -408 -425 
    8 -230  421 
  -48 -276 -397 
  285 -298  357 
  204  215 -414 
  -78 -300 -427 
 -297 -383 -468 
  -98  124  440 
   85  104 -427 
    4  227  304 
   71  126  190 
 -374  466 -478 
   35 -123 -478 
   62 -437 -471 
  -87  207  287 
 -249 -308 -314 
   44   63  254 
  -25   47 -149 
   63   95 -400 
  235  386 -420 
   93  189 -196 
  -52 -194  414 
  -83  303  500 
  -62  103  490 
  369 -412 -431 
 -121 -243  308 
  -37  -79  435 
   96  142  224 
  285  386 -423 
 -100  110  437 
   16   34  172 
  221  274 -379 
   -3   67 -195 
  -60 -241  403 
   16  201 -226 
   24 -276  310 
 -131 -288 -303 
   63 -409  495 
 -276  353 -454 
 -330  341  345 
  -59 -208 -472 
 -122 -463  468 
   32   69  345 
 -175 -349 -402 
 -219 -310  332 
   47   89 -258 
   36  202  457 
   53 -266 -492 
  -30  133  341 
  239 -346  350 
  187  271  490 
 -101  360 -408 
 -232  332 -401 
 -209 -318  485 
   18 -188 -341 
  198  326 -392 
  205 -224 -489 
   75 -136  394 
 -146 -227  330 
  129 -298  460 
 -104 -126 -441 
   28  145  313 
 -244  283  315 
  150  197 -404 
 -243 -274  484 
    7 -131  275 
  -59 -147 -302 
  -62  174 -223 
  -22  196  302 
 -109  355 -490 
  -96 -117 -410 
  -24   91 -335 
  -35  375 -412 
 -158  188  461 
 -185  234  302 
  -10  225  310 
  108 -334 -456 
  -55  174  397 
  362 -473  485 
   66  143  376 
   69  332 -404 
 -158  400 -432 
   88  214  494 
   86  119 -418 
   25  250  411 
  -57   90  287 
   58 -119 -497 
  278 -346 -386 
   92  306  489 
   39   55 -163 
 -141 -148  440 
  114  291  404 
  -52 -219 -412 
  -13   35  122 
    6   89  499 
    8 -142 -445 
 -259 -424 -451 
   85  133  415 
  -79  160 -452 
   61  122 -227 
  -86 -151 -307 
   45 -179 -406 
  168  288 -419 
 -125  164 -382 
  203  234 -367 
  141 -177 -192 
   42  -48  -74 
  -35 -152 -171 
   25 -197 -499 
    6 -123 -395 
  249  418  480 
    5 -201  448 
 -320  410 -437 
  317 -427  432 
 -192 -245 -256 
 -287  347  417 
  -85 -116  416 
  233 -302  318 
   89 -264 -356 
  228  298  377 
  167 -176  204 
 -316  331 -409 
  -34  259 -301 
  129 -136  210 
 -151  373  464 
 -261 -297 -361 
   64 -104  307 
  258 -475  498 
  171  312 -471 
  -97  125  343 
  291  358  371 
 -261 -346  466 
   98 -123 -491 
  140  236  495 
  -64 -295  436 
    2 -269 -496 
   67 -251  418 
  -28  -92 -102 
 -223  327 -334 
   -8 -222  300 
 -200 -256  257 
   76  122 -436 
 -177 -453  470 
 -373  406 -497 
 -100  101  107 
  -14  -34 -356 
  123  229  450 
  115  218  448 
  -84 -120 -295 
 -324  353  491 
  126  424  495 
 -135 -405 -470 
   74 -302 -397 
  443  446 -492 
  -23  303  498 
  117  139  433 
 -116 -144 -437 
  234 -365  486 
 -153 -341 -348 
   57 -213  264 
 -164  208 -430 
  205  346 -389 
  224  288 -472 
 -250 -278  371 
  229  311 -363 
  -93  434  468 
    2  428  466 
 -119 -367 -489 
 -130  188 -201 
   78 -143  323 
  -12 -116  488 
    2  391  401 
 -174 -214 -415 
 -149  302 -383 
  -22  240 -490 
  -43 -189 -215 
 -137 -240  408 
    1  251 -497 
  -51  170 -402 
   79  235  395 
 -105 -123 -200 
  -55 -110  262 
  235  387  488 
 -158  331 -403 
  -62  -69  174 
  318 -360 -483 
  115 -285 -485 
 -453 -462 -473 
 -135 -451  480 
   66  434 -483 
  -60   77 -151 
 -276 -409 -450 
  103  115 -353 
  144  283 -328 
  154  241  309 
  109 -227  268 
 -159  394 -484 
  -37 -202 -339 
   27 -155 -263 
  -75 -303  412 
 -204  230  380 
  -83 -178  369 
  247 -352  461 
 -109 -424  474 
  155 -256  272 
  -82  166 -217 
  249  259  318 
  142  177 -301 
 -176 -260 -289 
   87  364 -474 
   19 -250  351 
  125  169 -466 
 -214  343  401 
  -63  459 -499 
 -365 -435 -496 
  -53   96  123 
  -33  -44 -131 
 -209 -227 -341 
  166 -437  494 
  197 -377  498 
  106  325 -383 
  223 -263  290 
 -113 -145  407 
   23 -133 -451 
  -12 -104 -382 
  -19   33  403 
 -369  383  421 
   72 -105 -265 
   59  260 -264 
  -67 -300 -483 
  -94 -133  227 
  -22 -311 -413 
  -47 -263  306 
  -89 -148 -249 
   97  117 -141 
   69  321  404 
  134 -409 -444 
  432 -439 -448 
  275 -393 -442 
  -82 -287  330 
  213 -226 -354 
 -197  258 -444 
 -240  374  477 
   39   62 -413 
  -70  450  460 
  173  225  411 
  -11  131  498 
  -67  199  341 
   16 -210 -497 
 -110 -140  219 
  168 -264  292 
  -19  178 -187 
 -152 -180 -361 
  -77 -145 -245 
   78 -121  475 
  -15   63  203 
  -51 -167  461 
  -39  119  478 
   77  -87  250 
  -58   67   97 
   57  355  459 
    5 -134 -340 
  -12   38 -333 
   71 -207  262 
 -176 -289 -418 
  -20   42 -408 
   18   28 -252 
  -18  -50  363 
    5   37  -52 
  231  377  417 
  -35  290  390 
 -226  399  412 
 -322  482  498 
   -3 -332 -353 
  -71  185  442 
  260  279  376 
 -181 -242 -423 
   72 -279 -437 
  120  205  209 
 -244  326 -345 
   46  293 -480 
 -215 -291 -491 
 -107  142  444 
 -225 -276  423 
  134  253 -429 
 -292  357 -481 
   61  426 -486 
 -146 -252  434 
 -196  315 -446 
   38  412 -482 
   76 -218  222 
   -3  -65 -238 
  -77  147 -443 
 -111  285 -499 
  -37  121 -194 
   42  -89 -170 
  -12 -154 -348 
  -11  137 -236 
 -156  382 -493 
 -107 -334  494 
  219 -239 -288 
  -54 -201 -213 
 -295  330  498 
  141  158 -333 
   26  213 -476 
  146 -336  484 
 -155  159  238 
  -27 -185 -423 
    3  242  406 
  -36  227  339 
   41 -106  465 
   17  111 -129 
  -34  385 -410 
   29 -239  341 
   25 -154  186 
  354 -423  459 
  -99 -249 -493 
   23  226 -419 
  -24   80 -149 
 -157  199  433 
  -12 -135  469 
   71  329 -440 
  172 -260  274 
  193 -266  343 
  -60  248  287 
   69  305  488 
   13   49  349 
 -222 -344  366 
  257  280 -338 
   85  164 -339 
  309 -423 -426 
 -157 -279 -441 
  246  287 -293 
  257 -301  431 
  -88 -231  340 
  313 -346  384 
  -86 -117  253 
   36  311  397 
 -188 -342  371 
   16  -34 -162 
 -262  292 -490 
   48  331  381 
 -175 -302 -490 
 -481 -486  489 
   -6  186 -341 
  134  143 -403 
  108  129 -230 
   16   17  381 
  -29  374 -479 
  -12   92 -441 
  115  246 -405 
 -312 -337  379 
  -38  -49 -114 
  -84 -137 -384 
 -111  290  466 
 -333 -367 -465 
   98  227 -303 
  -13 -332  372 
   69 -141 -283 
  102 -184  474 
  -28  278  449 
 -234 -399  453 
 -153 -254  400 
 -186 -339  454 
  -80  -89  400 
 -241  267 -368 
   -6 -289  308 
   88  161 -316 
   77 -199  211 
  -58 -336  496 
   16  301 -439 
  -83  112 -142 
   22 -212 -289 
 -115 -220  464 
  -74 -313  344 
   73  133  160 
 -107 -164  186 
  -69 -233 -438 
   13 -396 -461 
 -203  267  337 
  127 -275  395 
 -176  210 -486 
   13 -314 -390 
   -8   20  241 
   31  409 -469 
   63 -155 -398 
 -169  273 -286 
  105  115 -183 
  108  113 -368 
   36  206 -481 
  -67 -150 -324 
  200  299  487 
  109  339 -369 
  181 -460 -485 
    8  135 -440 
 -251 -356  408 
   85 -220  247 
 -107 -298  358 
  228 -276  373 
 -122  186 -244 
    4 -143 -177 
  260 -277 -391 
  -75 -105  495 
  -28 -264  441 
   93 -308 -434 
  -26  -33  167 
  -12  -58  427 
  250 -271  289 
  -10 -209 -461 
  306 -380 -382 
   -7 -310  469 
 -287 -322 -402 
  281  381  431 
  115 -157  338 
 -170 -224 -461 
   46  -55 -101 
 -211  372 -385 
  -41 -180 -398 
   78 -297  405 
  102 -125 -251 
 -288 -304 -457 
  101  154 -352 
  -20 -294 -469 
  -74  204  361 
 -184  331  446 
  142  205 -208 
 -293  320  393 
   36 -144  295 
 -207 -362  489 
  107  372 -481 
  -42 -132 -425 
 -262 -303  315 
  257 -342 -461 
   36  164  205 
 -187 -258  388 
 -165 -333  495 
  -19 -343  349 
 -227  317 -422 
  118 -194 -267 
  160 -419  497 
   29   85  413 
  -81 -183  185 
   31  219 -257 
  276 -351 -478 
   62 -354 -414 
   50 -224  265 
  -48  225  491 
  235  240  434 
   55 -159 -186 
  -95  152  485 
  147 -169 -259 
   65 -241  406 
 -251 -294  365 
  -16   29  117 
   10   43  189 
  268 -299 -496 
  123 -163  322 
 -230 -312  434 
 -256 -275 -449 
  -39 -293 -379 
  -48 -464 -481 
  -23  164 -284 
 -192  199 -254 
  -16 -423 -442 
  264  289 -435 
   27   44 -254 
   12   52  415 
  206 -389 -464 
   62 -122  285 
 -107 -167  460 
 -147  323 -490 
   24 -273  277 
  -84 -168 -412 
  112 -146  402 
 -160 -190  448 
  188  203 -361 
  -89 -130  252 
 -340  389 -410 
 -111 -240  440 
  148 -245  302 
  -24 -233 -371 
  -47 -389  453 
  113 -132  198 
  -90  396  461 
 -342  388  407 
   53  250  286 
  192 -421  448 
  348  375  412 
  410  413 -419 
 -340  357  418 
    1 -186  192 
   74 -107  133 
 -208  371  432 
  143 -262 -390 
   -3 -279 -417 
  -50 -151 -284 
   64  124  231 
  185  202  336 
   89  103 -434 
 -278  315 -445 
  342 -399  406 
  -41  155  441 
   67 -190  470 
  184  219 -271 
 -360  398 -448 
 -156  225 -326 
   59 -121 -336 
 -141 -476 -492 
 -110  174  379 
   28  221  229 
  -25  335 -473 
 -196 -317  393 
 -178  193  405 
 -199  219  381 
  -96 -452 -480 
 -101 -227  375 
   56  258 -336 
 -111  128 -207 
 -206  409 -467 
  280 -446  448 
   35  185 -188 
   59  173  370 
  190 -234 -308 
  -88 -165  223 
    1   21   40 
 -190 -409 -412 
  -22  259  408 
    6  249  383 
   -4 -183 -413 
 -114 -359  386 
  271  362  374 
 -170  243 -432 
  111  171  315 
 -119 -224  335 
 -272  351 -492 
   20 -249  458 
   24  261 -334 
  144 -199 -297 
  -47 -127 -437 
  106 -189 -286 
  -33   88  152 
 -181 -182  321 
  114  186  238 
 -105  108  187 
   10  -22 -286 
 -398  416  422 
 -123 -464  492 
 -255  408 -438 
   58 -271 -409 
   58  153 -251 
   -7  210 -445 
   85  137 -343 
   58  143  202 
  119  195 -217 
  194 -429  471 
  -14  231  383 
   28   35  -79 
   19  277 -372 
  -90  130  165 
   40 -265 -327 
 -105  241 -391 
  -37 -101 -285 
  -23  269  408 
 -130  290  405 
   60 -221  348 
  -56  472 -486 
 -332  402 -476 
  181 -345 -415 
   94  108  121 
   36  195 -344 
   37 -195 -337 
  120  431 -484 
  104  334 -388 
  315 -408 -488 
 -167  191  248 
  -25  392 -491 
 -444  466  474 
 -184 -248  483 
 -242 -460  496 
  -76 -352  483 
  -36  148 -444 
   93 -146 -275 
  -86  272 -449 
   43  394 -401 
  -21  244  391 
  -79 -259 -399 
  -58 -114  116 
  -34 -145  484 
   65  135 -287 
  160 -273 -312 
  154  307 -351 
 -421  444 -449 
   68 -247 -462 
   64  130  373 
 -236  360  445 
   64 -120 -393 
  175  389  437 
 -123  222 -299 
 -327  333  493 
 -151  360 -361 
   28 -459  489 
 -195  248 -324 
   -7 -305 -326 
 -335  421  430 
   67 -132 -191 
 -274 -304 -401 
 -185  210 -288 
   30 -222  334 
  -89 -268 -492 
  399 -439 -477 
 -236 -242  268 
  -16  250  298 
  158  416 -436 
  394 -408  433 
  314  372  403 
  153 -156 -269 
   -2  301  455 
   84 -258  354 
 -375  443 -462 
  124  233  455 
  -25  104 -473 
 -109  128  456 
   29  323  492 
  -53 -106  212 
    6 -184 -235 
 -103 -179 -498 
  -91 -103 -403 
 -249 -316 -387 
   -5   23  494 
   11  159  249 
 -200  300 -420 
  121 -313 -390 
  131 -272 -290 
  -29  -69  326 
  175  195  337 
  -64  107 -417 
   30 -336  421 
   77  287 -294 
 -406  422 -441 
  184 -236 -242 
  174 -270  397 
   14  105  139 
 -118  216 -290 
  143  384  406 
  -50 -119 -440 
    7  326  466 
   50  378  476 
   -4  -64  138 
   14  -54 -486 
  223  387 -434 
   68  245  469 
  -45 -270 -354 
  -19 -109  298 
 -187  290  324 
   16  231  450 
  -99 -263  495 
  133  345 -453 
  -74  104  339 
   20  406 -426 
   29 -109 -434 
  228  419  426 
  155 -179  320 
  312 -326  434 
  194  239 -265 
  190  213 -490 
 -137 -312 -499 
 -295  404  458 
 -127 -288 -477 
  234  301 -500 
 -212  425 -466 
   36 -425 -499 
   97  281 -463 
 -135 -230  285 
   97 -239  425 
  -57 -371  424 
  157 -181  379 
  -69 -441  470 
  202 -335  463 
 -323 -438  447 
    3   64  133 
   63 -139  164 
  -59 -282  433 
  169  170  292 
   87  203  313 
  257  268  485 
  230  407 -448 
  -56 -314 -394 
   59   67  237 
  191  347 -376 
   56 -247  477 
 -244 -361  440 
  -25 -106 -428 
  204 -361  393 
   90 -165 -278 
  -79  363  372 
 -118 -325  381 
 -192  367 -405 
 -175 -188  489 
  115 -178 -441 
  183  242 -370 
  -65   87  453 
  181  340  388 
   -6 -219 -375 
  -26  151 -383 
  -57  263 -481 
 -236  238 -479 
   12  324  342 
   17   95  326 
  -85 -106  340 
 -164 -342  377 
  332 -367  495 
  237  425 -429 
  -68 -190 -325 
   70  439 -446 
  -36  147  422 
 -234  377 -389 
 -148 -181 -189 
  -77  322  410 
   95 -166 -192 
  372 -439 -445 
  -63 -199  333 
   65  156  250 
  151 -336 -359 
  -96  401 -459 
  -57 -243  381 
  -87  257 -425 
 -122 -224  450 
  -86  173  497 
  175 -209 -210 
  115 -239  426 
  261 -326  435 
 -175 -340 -404 
  171 -268  281 
 -130 -149 -334 
    9   73 -171 
   24  256 -309 
  -43  131  355 
 -282 -340 -344 
  -99 -148 -371 
  -44  143 -250 
 -113  125 -452 
  -56  313  409 
  -79 -122 -375 
  -41  121  451 
  129 -264 -268 
 -155 -290 -359 
   17 -251  365 
  352  464 -474 
   40   70  327 
  162  435 -496 
  358 -384  412 
   31  -62  424 
  266  286  430 
 -174 -279  418 
  -47  294 -429 
   55  255 -478 
 -310  394 -466 
 -227 -260  478 
 -297 -330  394 
  270  345 -440 
   54  297 -416 
   26 -349 -420 
 -350  402 -459 
   77  134  171 
  -93 -130 -363 
 -264 -310 -347 
  -30   91  196 
  -84  130 -396 
   51  196  260 
   26 -470  486 
 -186 -245  400 
  -27 -287  404 
 -279  302 -359 
 -475 -476  485 
   90 -246 -343 
   68 -267  391 
  -61 -169 -336 
  -87 -107  352 
 -173 -191 -394 
  -73 -355 -445 
 -183 -194  472 
 -420  456 -478 
 -178 -317 -427 
 -169 -325 -350 
   73 -231  384 
  242  359 -368 
   63  298 -443 
 -325 -406  453 
   70 -138  403 
   91 -254 -353 
  -50 -351 -452 
  -30 -411 -463 
  -62 -423  491 
 -226  291 -485 
   35 -328 -429 
  -42 -100  230 
 -220 -250 -321 
   86  418 -438 
 -245 -246  389 
  -12 -102  263 
  270  364  430 
  -44  -97 -133 
 -204  239  371 
   59  158 -310 
 -249  258  405 
  -49  161  218 
   41   89 -254 
  122  124  188 
   67 -239 -405 
  177  246  274 
  392 -457  465 
   79  -94  383 
 -182 -388 -427 
 -101 -318  485 
 -152 -460 -493 
  -27  256  431 
   67   77 -223 
  -15 -250  264 
 -123  339  455 
  -63 -186 -328 
  165 -290  334 
  330  492  498 
  260  278 -295 
   75 -383  414 
   -7   82  431 
  174 -281 -398 
   41 -109 -393 
   16 -240  312 
   98  199  335 
 -172 -182  413 
  -72  -79 -198 
  -60 -120  164 
  -46   63  439 
   61   63  359 
  -69 -210  422 
  134  225  443 
 -166 -180  494 
  211  391 -420 
  148 -164 -170 
 -194 -254  304 
 -159 -238  465 
  -67 -300 -467 
 -354 -428  475 
   90  120 -408 
  104 -173 -253 
 -128 -422 -449 
  -90  373 -385 
  -15 -111  285 
  -19 -143  251 
  136  418  500 
 -133  173 -312 
  221  289  367 
  -42  234  496 
  104 -213  413 
  -99  159  486 
   73 -202  282 
   48  352  441 
 -141  226  259 
  392  419 -438 
   28 -160  188 
   74  -84  243 
   18 -147  258 
  -98  277 -312 
  -33  -81 -136 
 -272 -279  359 
 -350 -401 -465 
  154 -172 -374 
  176 -243  453 
  196  407  454 
 -110 -308 -445 
   95 -122  329 
  184 -215 -446 
  192  358  402 
    2   -5 -203 
 -218  358 -477 
 -118 -124 -362 
 -134  478  488 
  -17   46 -213 
 -117 -162 -209 
   86 -119  489 
   89 -278 -432 
   55 -366 -411 
  208  438 -497 
  -59   91 -421 
 -338 -388  442 
  141  161  263 
  246  334 -426 
  276  468 -478 
 -333  423 -477 
   18 -106 -375 
  -14  129 -455 
  139 -177 -203 
  -45   64  296 
 -259  317 -446 
  -15   25  325 
    2   53 -180 
   18  -82  298 
   -1 -122 -336 
 -132  143 -437 
   28  -67 -130 
  -19 -284 -408 
    2 -250 -340 
 -301  349  386 
  -60 -285 -327 
 -144  145 -381 
 -221  412  488 
  202  311 -471 
  -18   56  155 
   20 -370  419 
 -196  291 -391 
  -25  104 -223 
  -99 -309  492 
 -290  338 -483 
  103  156  430 
  -57  343 -389 
   48  -66  317 
  186  447 -448 
 -105 -357  393 
   10  133  429 
  317 -337 -424 
   16  -59  102 
 -159 -269  400 
   37 -175  408 
  -89  205 -489 
  143 -403 -450 
   34 -213  238 
  318  342  442 
   25 -285 -402 
 -198 -270 -295 
   54  190  349 
  159 -177 -332 
   10  -59  258 
 -134 -221  373 
  -73  100 -461 
  139 -381 -407 
 -272  315  340 
 -106  171 -410 
   -7 -157 -265 
  -19   41  -99 
   64 -125  443 
  256 -307  497 
  308  395  463 
  160  311 -380 
    4 -234 -346 
   73  232 -268 
  190 -333 -416 
 -193 -274 -357 
  165 -379 -402 
  -25  208 -418 
 -211 -245 -271 
   17 -333 -436 
 -203  229 -372 
 -384 -458 -480 
   69 -122  462 
  -24  226 -351 
  -24 -229 -454 
   30  360 -446 
  -23   26 -108 
 -429 -440  472 
  201 -353  357 
  202  424  475 
   -1  287 -433 
   48 -257 -409 
  162 -384 -475 
  116  178  416 
  -70 -180  403 
   40 -132  238 
 -166  254 -339 
   75 -279  475 
 -174  260  282 
   -2  159 -307 
 -103  115 -428 
  -85 -241  498 
   17  -88  457 
  104  106  443 
   94  319 -377 
 -169  297 -410 
 -436  470  483 
  269 -368  395 
 -113 -306 -469 
   21 -216  415 
 -197  228 -255 
 -245 -253 -389 
   28  295  420 
 -337  435  462 
 -253  264  370 
   -8 -166 -246 
  152  165  368 
   50  -74  284 
  309 -322 -390 
  -43  310  429 
 -146 -202  376 
   10 -130  474 
 -299 -394 -441 
 -163  199  437 
 -141  296 -452 
  109  397  492 
  -31  246  452 
   49  105 -377 
  -87 -129  193 
    2 -114 -420 
   34  285  482 
   -1  402  440 
 -250 -272  446 
 -136  167  238 
  -45   99  196 
  266  301  392 
   92  175 -350 
   80  302  428 
  360  413  439 
   17   23  418 
 -242  369 -461 
   19  361  459 
  -31  237  274 
  -19  124 -342 
  -58 -151 -490 
 -146 -283  303 
    8  156  223 
   68  162 -201 
  280  300  421 
  -21 -180  473 
   47  191 -239 
  170  439 -468 
   24 -252  409 
   69 -496 -499 
 -119 -297  390 
   30 -153 -493 
 -224  254 -443 
   12 -177  434 
  -30 -107  210 
  -80 -207  280 
 -102  148  343 
  -37  111 -489 
   14  146 -221 
  201  398 -476 
  -48  120 -415 
  283  377 -402 
  100 -166 -430 
  -59 -286  433 
 -152  242 -297 
  206  271  403 
   42  143  376 
   11  116 -354 
  255 -278 -398 
 -118  181 -323 
  -39 -231 -266 
  -39 -109  415 
  -27  262 -305 
 -176  281  286 
   65 -412  483 
  -14  -29  351 
  252  332  354 
  130 -461 -481 
  -44 -118  336 
   67   87  169 
  -30 -218 -237 
 -284  287  343 
  -59   76  328 
 -255 -301  342 
  -11  146 -428 
   21 -400  416 
  -35 -213  220 
    1   99  473 
 -234 -242  399 
   -8 -101 -468 
  283 -357 -443 
 -280 -438  464 
  -18 -115 -439 
  -41  294  319 
 -150 -344 -429 
   66  -94 -398 
   25  156  323 
  -50 -263 -317 
  234  254 -406 
  117  144  249 
   -8 -191  292 
  117 -218 -373 
   31 -336 -385 
 -167 -258 -379 
  -30 -169  313 
  -58 -128 -251 
   86  430  441 
 -228 -233 -372 
    6 -265 -431 
  228  339  381 
  -78 -455 -500 
   97  199  452 
  100 -215 -437 
  -44  197  213 
  -37   79 -358 
  -10 -341 -381 
 -150  422 -477 
   -6 -346 -392 
  371 -407  452 
    6 -133 -238 
  -13  126 -419 
 -343 -468 -469 
   22 -126  273 
 -254  384  429 
  -17 -203 -495 
   95  151  380 
 -146  342  464 
 -120 -134 -416 
  -25 -129 -288 
  145 -203 -432 
   11  377 -385 
  175  238  475 
 -102 -147 -394 
  100 -375  437 
  225  359 -403 
  166  325 -342 
  -89 -236 -439 
   75  203 -456 
   10  -47  294 
  -87  114  405 
   13  -80  198 
  -16  211  237 
  156 -171 -285 
  187  401  474 
  365  430 -433 
 -157 -315 -485 
   22 -100  125 
  -74  220 -288 
    9   78 -129 
   33   93 -361 
   21  316  341 
   33 -384 -465 
  160 -242  295 
 -255  484  487 
   28 -188  414 