174 36 -126 
-162 65 -116 
138 96 -74 
71 98 26 
-152 -110 89 
-89 27 142 
9 170 -182 
97 -81 44 
30 81 -94 
102 193 -161 
-49 -95 -154 
-43 -33 -128 
9 46 -8 
111 73 -106 
4 115 153 
120 30 -95 
91 -121 28 
-181 -46 -16 
119 164 -94 
-124 5 -199 
43 165 -111 
-127 -138 81 
143 -188 -46 
-136 46 51 
131 -86 149 
-139 -114 -48 
-70 96 102 
51 107 -175 
25 166 -47 
-186 -137 -59 
109 91 -179 
183 46 75 
-146 89 -23 
-108 -106 22 
85 -14 -36 
161 -40 -79 
60 -25 4 
58 9 -189 
-103 -3 -74 
163 135 -113 
-30 132 -20 
112 -8 -161 
-189 -128 185 
53 196 163 
146 -28 50 
184 164 -129 
107 -32 189 
-18 -101 174 
12 -135 108 
-112 59 81 
-171 95 -23 
100 -129 -98 
90 -8 156 
41 99 -110 
-128 145 191 
186 12 -30 
-140 63 -113 
-196 -90 103 
16 -97 30 
-23 183 -161 
169 -191 74 
13 37 -103 
-199 -11 192 
86 152 -186 
-110 162 22 
29 -44 -192 
30 34 -102 
-51 -56 -198 
-27 -182 21 
199 -6 165 
-164 23 117 
-138 105 -180 
136 -171 89 
166 -35 -67 
-154 -38 -69 
-176 151 -8 
39 -44 137 
128 -167 -38 
68 -154 84 
187 -30 -74 
168 -190 95 
-105 -199 30 
84 -198 -146 
66 -91 4 
-141 -57 165 
85 -70 -35 
-176 -43 143 
-62 3 61 
172 -46 -134 
152 57 134 
119 149 -50 
196 184 20 
-149 -28 57 
159 117 -188 
37 -65 -184 
-26 -43 98 
-166 -17 -180 
119 -30 3 
186 35 -114 
-180 -52 -25 
-122 -88 -35 
194 14 75 
-59 -142 -67 
-181 36 65 
96 151 -5 
-181 -73 10 
171 87 147 
125 178 183 
163 67 -58 
-89 -191 14 
-188 159 124 
-64 -27 34 
109 -133 -9 
168 -27 -136 
-4 -134 179 
-45 -27 -74 
-83 147 -66 
18 145 109 
144 -96 -34 
6 -114 -131 
105 -181 -30 
33 -70 -198 
-138 76 -160 
-123 35 -39 
-116 19 110 
-185 44 6 
10 63 171 
-25 -153 30 
-2 -39 -46 
151 1 -145 
-63 -199 54 
32 -60 14 
-9 -135 -97 
137 -90 87 
-105 94 -81 
-60 68 -184 
2 -74 5 
55 130 -65 
35 111 74 
-173 -196 -146 
3 9 -33 
159 106 13 
-149 -130 -135 
-67 -54 -195 
-147 154 -63 
-109 70 46 
97 -84 168 
-62 -22 151 
191 27 -112 
-147 -6 62 
-151 158 53 
-46 132 184 
-58 24 -108 
-110 -50 -3 
138 9 -180 
144 9 46 
-179 31 33 
173 -64 -110 
65 -145 144 
44 70 -176 
-62 -188 97 
-116 28 16 
151 -69 23 
-31 -138 -68 
-53 136 59 
-38 58 -160 
174 139 97 
-13 27 61 
158 -112 178 
-147 -173 -111 
182 -48 -53 
-144 -43 -108 
-169 -79 -197 
-151 122 -13 
109 101 18 
-191 -105 -196 
-160 96 27 
-103 -50 36 
-71 -9 -41 
-61 -41 -1 
-17 159 4 
-83 -5 -59 
164 -114 75 
132 193 -20 
-132 -32 92 
52 -174 171 
38 133 7 
-42 87 140 
-73 129 -99 
145 -101 -35 
114 -149 123 
-40 137 82 
10 68 28 
192 17 -83 
90 167 79 
184 49 -187 
168 -125 -126 
139 -6 158 
-38 -14 100 
64 141 105 
142 31 139 
-74 11 -149 
115 -80 192 
200 -73 10 
-104 7 -98 
-96 -176 15 
101 119 -66 
97 -69 191 
-168 101 35 
-44 140 39 
-122 72 -63 
-187 -85 191 
107 -82 143 
-170 -44 -165 
-166 19 116 
-99 106 22 
-16 -48 93 
43 -115 -180 
154 111 199 
163 -108 -126 
107 126 147 
139 15 -47 
98 45 -18 
102 140 -22 
-84 148 -17 
-8 -157 -39 
-180 72 140 
186 -53 193 
-43 191 64 
153 102 -186 
97 -12 -45 
122 165 -199 
37 -102 59 
111 180 -74 
196 62 57 
-80 -147 112 
-99 53 29 
-147 107 35 
-92 36 -54 
-34 101 -91 
-37 -187 -157 
-98 -79 148 
-161 -83 -172 
-98 44 121 
-12 -162 42 
80 171 -7 
16 157 37 
61 188 7 
-186 -23 -173 
-140 186 183 
-126 122 -185 
-122 179 17 
65 57 -158 
81 15 -59 
10 37 -11 
-44 -105 2 
79 -84 -186 
-84 67 -129 
-12 129 39 
41 -196 -127 
-125 166 104 
108 -121 67 
30 177 176 
-71 -153 -180 
-192 109 -4 
18 -12 -58 
165 -76 -58 
-196 -57 73 
146 -158 170 
193 -35 -88 
63 118 -153 
-118 -40 120 
30 137 -89 
104 18 -119 
-18 -198 -173 
35 -191 38 
137 1 40 
33 -67 105 
116 -42 -145 
26 179 -62 
144 137 3 
-20 171 -193 
183 177 -188 
168 -192 70 
51 31 -103 
-199 31 -117 
66 -92 -190 
-31 141 5 
-136 -116 107 
87 110 131 
-148 -55 32 
176 142 -47 
53 -73 -5 
-151 -34 54 
-69 -67 64 
104 -146 -132 
187 -175 -79 
-72 -64 197 
81 142 -89 
-65 43 198 
176 -196 -144 
-173 -108 -200 
179 -183 73 
-155 160 -151 
-174 112 70 
-177 -134 -6 
197 179 -120 
-111 -53 59 
77 -112 175 
-139 78 -105 
62 17 159 
77 -173 -176 
80 66 16 
192 134 -69 
-22 -155 92 
26 73 134 
-142 -151 -129 
133 -150 172 
-194 -154 34 
-57 -66 -69 
-99 22 48 
82 62 -186 
-85 32 114 
92 54 5 
177 -46 146 
-48 37 7 
-157 -172 -68 
-19 -107 63 
171 -54 107 
-184 130 85 
-157 123 38 
194 17 -82 
-88 -56 62 
-19 -113 -98 
-184 -13 127 
60 104 -172 
31 46 95 
-54 132 1 
-124 18 36 
-90 -42 -46 
-157 -84 69 
25 142 -67 
97 41 -152 
171 104 2 
140 -59 4 
48 184 178 
-3 -135 151 
20 -75 172 
102 -126 94 
-155 -91 79 
-52 77 -88 
186 -170 -193 
38 140 -53 
87 -163 37 
83 -117 55 
-184 -119 -48 
-93 182 113 
37 -120 -177 
-188 -157 -27 
-29 195 177 
-16 -177 33 
-60 86 194 
86 68 155 
-94 172 89 
98 123 145 
-126 2 169 
27 -2 -92 
21 -109 81 
24 -73 168 
77 88 111 
180 176 -190 
161 1 -153 
86 -85 -146 
105 41 -107 
-105 -128 -18 
-27 116 -7 
113 58 148 
195 -191 115 
26 -48 61 
-82 -43 100 
148 156 -111 
-104 -161 49 
-95 70 -155 
136 -135 -180 
-46 156 -78 
-185 -138 161 
-29 34 -147 
-58 55 -61 
109 75 10 
-95 43 -193 
-164 95 -92 
-78 3 -103 
124 -41 -1 
-117 105 -91 
135 27 -36 
-45 -6 -60 
88 -74 -185 
172 -28 58 
-175 -39 144 
166 23 -171 
137 -15 -9 
-118 -33 120 
148 -69 124 
105 140 176 
172 108 -114 
-112 -151 185 
173 60 171 
-31 -79 2 
196 57 -154 
175 46 77 
-126 181 -115 
-24 -34 143 
135 -190 4 
-2 127 -8 
197 145 -107 
71 98 -28 
-55 6 196 
120 -152 173 
188 -63 176 
130 189 -163 
25 -34 -150 
122 -147 -178 
-80 -72 165 
-170 -165 -53 
186 84 -140 
89 159 -196 
-111 198 -91 
56 -79 71 
99 -125 101 
33 175 92 
-122 149 100 
31 2 183 
-148 171 19 
191 97 -181 
59 -184 95 
-24 -49 -192 
-77 17 -111 
-20 93 -24 
-133 -144 -101 
-1 -120 7 
-77 111 -58 
156 144 -160 
-24 165 -164 
34 141 -94 
-168 199 167 
163 -54 -131 
108 -135 -13 
-87 127 183 
-128 -146 -126 
-188 -48 -20 
-145 -84 158 
-157 105 -98 
-96 -63 98 
110 -112 -1 
69 -135 -80 
-162 184 -114 
-167 82 44 
-24 94 47 
149 -7 -22 
-99 -124 113 
52 32 17 
50 200 -139 
94 -19 -55 
-155 59 46 
-42 48 -2 
-139 73 48 
-125 120 2 
-148 -55 -67 
-98 -105 165 
39 -165 12 
-111 -155 123 
102 132 -189 
-37 -31 -106 
-37 126 100 
15 53 -89 
112 -102 121 
99 169 -80 
-177 47 134 
126 78 177 
52 -144 -133 
185 -47 -41 
149 144 180 
-1 47 94 
-73 40 10 
-84 -12 179 
-142 137 -146 
-73 24 -11 
5 145 -34 
15 -141 86 
176 -175 141 
153 127 -53 
81 -138 -149 
-79 75 118 
-168 -148 26 
154 -32 -109 
-45 -155 -18 
-68 -158 42 
-84 -41 -88 
69 -94 -98 
164 30 42 
47 193 147 
-156 40 121 
-96 -80 -194 
58 3 48 
-143 -30 -108 
-42 70 155 
38 -183 80 
125 -116 -173 
89 -58 -110 
12 -127 -109 
-43 -169 168 
154 -2 -185 
-194 -71 21 
-149 174 -127 
-196 134 98 
124 83 23 
-42 -112 -152 
148 82 -76 
-131 -35 -100 
-77 -156 -115 
64 72 11 
198 -117 -54 
-122 -15 186 
-63 101 39 
175 41 -30 
66 155 124 
-61 -160 -53 
-102 30 -112 
20 174 189 
155 196 -169 
184 88 144 
-35 23 168 
15 -169 33 
36 -10 71 
124 150 8 
-179 -197 175 
-93 120 -73 
16 78 165 
-182 -164 197 
117 -107 95 
-16 11 15 
121 -182 67 
91 -162 115 
-72 5 -83 
-191 -106 111 
-120 -198 -50 
174 8 185 
139 -57 -72 
191 88 149 
55 -98 95 
122 -87 -130 
-98 -189 -28 
166 90 -154 
14 -70 -141 
-64 164 -155 
12 -122 60 
-104 111 128 
30 -133 8 
-106 11 6 
171 -119 -200 
156 -26 194 
-30 190 -165 
-105 -74 -51 
-7 -112 59 
-25 -80 139 
117 -40 62 
49 -82 73 
71 60 -107 
31 133 -127 
-41 -2 -91 
66 -174 35 
8 10 -9 
46 199 -7 
68 -94 -32 
121 199 -78 
-159 171 163 
-190 42 169 
-72 28 -47 
-117 193 179 
-133 72 176 
116 -181 -96 
-200 -159 -58 
19 -160 182 
-34 -170 10 
-23 -197 -27 
-102 108 116 
-74 145 -70 
64 12 44 
-17 -39 36 
-195 94 -83 
154 -164 -70 
-13 -121 169 
-8 168 198 
120 197 -112 
-33 14 186 
47 96 -50 
181 -21 26 
-179 -165 77 
193 -43 -154 
-157 -138 -13 
113 -188 107 
152 179 37 
-197 -111 43 
-118 -152 -83 
110 -192 2 
-134 -27 -94 
-178 168 -109 
164 -161 154 
-72 -118 -163 
18 -183 11 
46 -6 -100 
-22 -174 -130 
106 42 45 
-114 -172 64 
110 -47 -101 
-18 49 -145 
-131 13 119 
95 -146 31 
-60 5 -122 
-33 179 152 
197 -198 -24 
-129 -15 114 
10 -130 -49 
61 -52 -159 
117 161 -68 
-21 150 91 
-95 87 -171 
175 139 -34 
-16 155 44 
20 -163 -185 
54 22 185 
-6 28 -41 
-6 73 -96 
55 198 96 
-154 -58 31 
-45 -121 36 
118 195 -66 
90 170 125 
99 28 56 
-106 -47 -75 
-153 129 186 
97 -62 101 
-161 101 -192 
-71 -146 85 
-9 43 -100 
-105 47 -187 
167 199 85 
-183 -10 -197 
74 35 -49 
85 61 98 
-157 -113 -15 
55 -118 -36 
199 83 -147 
198 -111 150 
-48 -25 40 
132 -137 174 
192 -185 -87 
-80 189 -117 
-27 -82 167 
178 -160 43 
-93 -70 6 
57 150 20 
-44 52 -175 
-32 -164 150 
3 -125 16 
58 117 -169 
-85 71 -122 
-14 -65 47 
-93 -173 185 
-15 -57 -125 
57 -69 194 
17 -106 148 
-63 -175 67 
-20 -99 -140 
110 84 185 
-194 129 -63 
133 10 161 
10 129 -134 
21 66 -162 
-106 -5 83 
105 107 -6 
-188 70 -150 
127 52 123 
-23 -120 108 
-109 -31 -82 
3 -114 -138 
-66 -173 86 
-167 -177 81 
100 188 84 
-107 -87 122 
86 -136 -8 
195 -163 -116 
17 88 53 
166 168 117 
-163 -101 -79 
-13 -132 -32 
-95 16 141 
-149 -51 -102 
138 98 -133 
1 -76 51 
4 32 -56 
61 -168 119 
-31 -7 -10 
96 60 -173 
-127 -113 -178 
-132 85 120 
183 -24 -110 
-138 -179 -199 
-198 68 -171 
60 -7 -19 
-58 -159 120 
153 -46 -184 
-172 5 -183 
-196 -27 -5 
167 147 115 
82 128 -113 
130 95 -10 
-105 112 -154 
18 118 -130 
145 -183 -108 
162 -9 18 
-75 -80 45 
-172 150 148 
-152 11 -187 
27 92 192 
-174 -21 -191 
131 18 80 
99 -168 170 
31 39 -28 
164 -165 -9 
46 40 -175 
115 -177 114 
167 -123 -37 
159 39 -124 
58 -198 -128 
-81 -68 91 
180 44 61 
-114 -54 -170 
121 -163 -176 
81 84 55 
-166 -173 -170 
-189 115 -141 
103 94 135 
-91 95 1 
-93 153 -157 
190 52 135 
117 132 -173 
197 102 -93 
-176 55 89 
183 157 96 
-120 155 27 
184 79 109 
-152 78 -54 
-110 -168 -46 
-197 25 -53 
-1 191 160 
24 152 -162 
-39 86 -10 
35 -129 79 
41 -145 -31 
-79 -80 -5 
-145 -48 173 
125 -162 -16 
-134 84 -142 
-90 82 -18 
-123 -130 -95 
46 15 131 
-6 33 78 
-116 67 -132 
119 -23 138 
93 -116 -56 
129 134 28 
198 -48 -144 
155 -4 -143 
44 -29 -116 
-115 177 -146 
4 49 -96 
-52 147 121 
133 -132 -77 
-3 166 51 
32 -67 7 
-51 90 195 
-55 -164 168 
186 160 110 
32 -99 -58 
71 -177 -47 
137 -91 138 
65 -87 -1 
177 -16 -55 
-12 -65 138 
129 -76 -178 
-128 -68 -25 
41 199 69 
8 -9 -193 
-142 114 -104 
50 -33 -87 
-67 -9 153 
-75 -149 -193 
122 -150 -163 
-45 90 -71 
52 92 -18 
-111 186 192 
115 -61 122 
121 188 64 
147 52 -128 
186 14 -109 
11 -150 169 
-171 -9 -43 
76 -68 -79 
-52 163 -176 
76 73 142 
199 149 34 
59 -157 -99 
20 157 -186 
-38 -184 -145 
-86 -183 -187 
-67 -161 42 
-2 -109 40 
152 87 -72 
55 32 108 
150 38 128 
172 26 -122 
-86 63 131 
166 64 61 
-163 7 -146 
53 124 40 
142 -1 74 
-129 100 193 
25 -147 -160 
-40 -51 60 
-143 -15 198 
71 50 -195 
191 162 149 
-188 149 -116 
-61 190 115 
190 -66 -97 
132 -1 -123 
-59 95 -183 
116 98 -121 
51 26 12 
185 47 -81 
-182 -159 85 
-71 36 -96 
30 -18 13 
81 -94 95 
-127 120 -141 
119 178 -17 
-43 114 -169 
190 -125 193 
69 -114 5 
56 -154 -78 
87 -70 164 
-105 28 63 
109 29 200 
-63 147 -173 
110 -136 -96 
-80 -137 29 
67 160 152 
-76 -118 95 
152 19 55 