-212 -88 15 
272 52 150 
45 287 160 
-136 -164 -192 
-238 111 250 
148 293 -119 
23 -122 94 
-179 -181 141 
213 -16 94 
247 -97 -293 
-141 291 -200 
-265 -43 206 
-133 -215 112 
9 -240 -89 
33 -85 124 
28 -255 -152 
70 -191 103 
-104 239 -224 
-3 -273 179 
-126 -25 -94 
-279 -271 293 
-27 191 -238 
154 -14 191 
-219 -110 -41 
-226 -78 -252 
-41 -112 233 
230 -149 260 
232 -87 276 
280 -289 115 
-24 -294 -220 
-237 262 -235 
-53 271 22 
-266 109 211 
77 227 38 
96 -221 -116 
138 72 31 
-272 -248 -18 
3 219 -238 
-274 -298 143 
-50 55 193 
-69 23 175 
-179 249 -153 
-252 -296 299 
170 -91 101 
249 13 -275 
210 224 294 
-208 137 245 
-61 132 -22 
-25 -84 -289 
-213 -156 46 
86 223 -91 
-19 -288 -71 
289 -46 -106 
-149 50 6 
155 -168 -117 
-194 -223 260 
44 178 120 
-125 123 -276 
240 100 64 
-128 -215 287 
191 200 -203 
142 64 143 
193 -154 -11 
206 69 95 
-15 119 142 
118 -261 204 
144 153 137 
-227 295 232 
-24 249 254 
27 14 -237 
-48 -258 294 
-155 291 15 
282 -187 127 
-93 -60 -138 
37 246 230 
-160 288 240 
252 186 -245 
27 -181 201 
-217 -107 148 
-258 -247 -145 
-267 249 130 
-73 -200 190 
127 300 -243 
-143 -148 -204 
282 257 139 
143 -84 -93 
-223 -173 270 
268 119 -121 
264 153 -118 
197 184 285 
250 38 -15 
-256 -17 299 
-90 -190 186 
240 191 146 
-62 -160 -140 
201 112 70 
194 -198 -164 
99 41 -27 
-295 -45 -146 
189 33 262 
-249 266 -33 
-39 -192 -274 
-115 170 51 
290 -2 -54 
119 -125 234 
128 290 -203 
241 182 177 
105 81 25 
-248 -65 119 
294 -290 183 
231 158 172 
-17 -134 21 
-257 37 62 
145 24 -194 
-254 -89 284 
137 -90 -35 
-62 -100 -191 
-195 221 -77 
151 -258 164 
102 171 -188 
123 -227 198 
-138 -120 -56 
-262 -151 255 
-131 -151 -289 
-32 208 153 
-131 155 -229 
74 -93 206 
-272 229 84 
107 -260 297 
-188 -3 256 
-256 185 -251 
238 174 -19 
52 218 123 
-216 -65 152 
-146 -58 -248 
150 -229 248 
19 142 -279 
58 63 -12 
-52 -66 234 
215 -185 80 
-247 -224 41 
254 140 -256 
-155 66 -46 
184 -15 237 
-207 -127 -166 
-294 -73 156 
255 -21 -258 
219 289 -176 
-290 58 -201 
-208 -3 285 
274 261 168 
92 10 100 
-290 211 -133 
283 -22 -25 
-82 166 -107 
243 96 -84 
90 66 25 
196 22 -278 
244 13 -33 
-266 -85 -81 
32 41 291 
256 -224 -167 
-237 -123 -54 
233 75 -83 
-51 234 6 
152 231 90 
-82 136 78 
89 -112 116 
127 103 102 
108 162 -170 
-155 31 44 
287 245 228 
-211 -284 150 
-67 -239 25 
111 159 -99 
-12 -7 -176 
95 -293 38 
51 125 47 
274 -186 216 
241 280 205 
294 -174 181 
-111 136 7 
101 -279 142 
-283 -183 -73 
236 44 235 
-272 -117 243 
77 180 -35 
-250 -263 39 
170 290 198 
209 234 286 
102 -36 238 
263 -254 -56 
18 53 124 
-72 243 -88 
258 -106 -134 
-58 -79 -104 
-288 80 233 
203 22 -259 
107 -79 7 
-48 246 187 
-108 59 -274 
259 20 279 
-289 145 216 
-242 262 46 
200 31 -148 
-101 117 -221 
-95 -27 -66 
45 -126 -18 
-209 290 -189 
-181 198 -261 
35 -296 -28 
107 295 -9 
284 -104 244 
185 112 -283 
-180 143 54 
-17 -28 262 
184 -162 197 
203 -222 107 
-157 -22 -220 
108 24 -142 
-20 63 183 
19 -37 -116 
-147 -277 -146 
206 -248 77 
75 36 -244 
125 5 83 
-237 -137 -51 
34 -269 122 
228 -100 82 
-233 -117 131 
86 8 -195 
-203 137 163 
199 191 -231 
26 -61 270 
-19 -239 144 
189 -152 94 
16 -100 206 
65 -128 -262 
-187 -272 239 
-38 -217 -174 
245 -128 13 
-193 194 136 
45 154 75 
52 264 -200 
-142 121 135 
-186 284 81 
164 252 -235 
262 -216 156 
-106 -247 -6 
216 -300 -41 
-222 -152 -59 
-215 -198 -208 
-117 -83 28 
-101 90 -208 
122 -42 43 
-233 84 -291 
236 120 -57 
9 -175 169 
207 -105 -260 
118 -287 -272 
-150 -200 -117 
18 -80 -175 
245 -70 -202 
233 98 -288 
-131 -16 214 
7 180 86 
-230 -185 -172 
299 211 28 
-4 129 131 
282 -284 -177 
-142 -90 239 
139 167 -161 
159 -229 -161 
-218 105 -174 
225 -12 56 
6 147 155 
-85 87 257 
3 202 237 
238 -232 -144 
-168 -76 -16 
84 115 266 
-289 -204 -15 
-9 -17 38 
33 -125 117 
-215 286 17 
-115 -125 206 
-109 263 96 
-205 -158 -124 
-42 126 265 
-201 -85 209 
57 -109 232 
-256 -176 -44 
-296 235 -275 
74 -6 258 
19 -104 179 
-248 105 -114 
97 21 38 
207 258 -72 
255 -197 40 
-92 192 79 
264 -142 53 
252 128 -190 
58 132 275 
-37 43 -269 
254 -295 -47 
-73 -129 -167 
-253 212 -99 
16 -74 12 
82 94 -39 
-236 194 -185 
-255 57 -54 
-280 284 31 
-19 108 -242 
72 240 131 
294 167 -4 
42 71 -174 
24 158 -164 
-20 -77 -93 
30 -106 -125 
143 236 -75 
77 286 181 
225 -153 -267 
-275 138 268 
-25 -140 -272 
243 -78 180 
41 -271 -177 
143 -134 206 
188 -193 -77 
-154 -258 298 
283 228 -127 
-25 248 60 
-244 187 9 
28 -279 249 
177 26 52 
-129 -171 14 
189 -284 147 
97 4 -186 
-198 -160 -213 
-276 214 20 
132 -116 -206 
-170 -24 -286 
-210 -191 62 
50 -3 132 
262 -244 -16 
-154 -259 -237 
277 -28 -12 
240 -69 242 
90 -178 56 
118 -257 -17 
252 68 -10 
-248 -300 -176 
-109 163 50 
-296 184 -110 
211 -181 -248 
135 -253 6 
-293 212 158 
61 293 183 
106 80 -243 
-11 85 -74 
-194 267 63 
-253 32 174 
275 -141 52 
259 -70 -147 
165 -49 283 
-149 299 -54 
134 177 -26 
249 -227 207 
-4 251 105 
-178 -164 -100 
-147 -129 -251 
-72 80 -159 
286 212 5 
53 198 -213 
186 -19 128 
-270 -230 -249 
-188 298 1 
59 133 52 
43 -227 134 
272 77 144 
-196 281 -190 
98 -247 -100 
181 6 -149 
116 293 299 
-267 68 -133 
-101 196 111 
58 243 262 
-54 42 270 
81 -143 27 
-210 138 112 
58 -184 129 
196 255 209 
178 279 -94 
-242 -133 -300 
169 5 -156 
87 -222 113 
-110 -171 -86 
271 -275 179 
108 68 -8 
-206 52 -169 
-52 33 15 
206 265 17 
-127 -255 -130 
142 31 -229 
208 -141 142 
210 -263 81 
124 36 -287 
-13 237 58 
-144 245 226 
189 -84 144 
-79 95 121 
-288 -259 144 
128 27 -280 
217 101 -126 
256 221 -189 
-244 211 220 
231 77 178 
61 261 24 
202 190 56 
-221 154 214 
199 129 -246 
67 -188 -148 
-255 -280 281 
-275 102 -107 
-260 101 -168 
140 213 73 
143 -194 -19 
280 -26 -251 
-191 -92 72 
-152 -238 45 
-45 -292 110 
211 228 181 
-172 295 266 
84 74 -101 
59 236 50 
164 199 178 
-282 -170 -135 
-298 -77 6 
-11 66 -118 
249 22 32 
214 115 7 
-137 -90 175 
29 267 61 
284 109 19 
66 -5 -224 
116 -105 -1 
-47 43 -103 
-275 -194 -217 
61 167 293 
157 158 -279 
-195 -243 233 
-113 -191 -197 
-125 235 -50 
148 -19 -173 
17 -135 266 
-175 128 12 
5 -70 52 
-139 21 -286 
22 296 42 
91 281 -235 
93 -165 3 
-142 43 86 
-117 151 -121 
-55 -31 -276 
-125 -262 -202 
156 261 -279 
185 126 -160 
189 5 191 
168 176 228 
179 -208 109 
150 -297 152 
162 -68 -300 
19 -293 264 
255 -17 45 
285 -212 -260 
-249 -23 -40 
-182 11 -240 
252 -137 265 
280 117 265 
264 -90 -257 
-269 186 27 
201 -149 57 
-130 -53 77 
36 -299 152 
-253 -296 49 
-193 -153 34 
130 -262 292 
95 189 110 
-248 -291 -234 
-259 157 -25 
-246 247 250 
-42 11 66 
208 -295 -29 
-124 -43 8 
49 112 -35 
-48 -187 134 
231 -51 254 
-206 -144 233 
-79 -261 -291 
-109 154 -249 
129 -100 -192 
-52 -7 220 
-275 265 -118 
-102 -178 8 
4 -270 -268 
71 -207 -156 
208 72 -245 
-144 -79 -205 
36 95 -111 
-63 224 241 
-38 -5 109 
209 5 246 
-73 37 -232 
110 -159 42 
221 289 269 
172 -244 114 
-247 170 -43 
213 258 -123 
282 -152 294 
-49 125 -169 
-238 44 242 
-49 -84 -30 
-48 -170 161 
100 -80 -53 
181 21 -292 
-166 128 -176 
190 -225 244 
295 125 -294 
143 292 -115 
35 -222 -3 
-3 -292 -127 
-289 -297 -110 
-180 67 -122 
193 -16 -132 
-152 -164 -216 
-133 19 107 
48 -258 289 
-100 -161 244 
-160 -67 -278 
-253 -270 -205 
-69 159 188 
105 295 182 
-45 -92 -197 
181 -78 281 
262 138 -179 
-217 279 210 
275 14 -207 
193 -104 7 
-55 19 -8 
82 139 -26 
-2 -121 36 
93 112 280 
-296 -253 205 
260 -181 -54 
65 -204 2 
83 -112 -1 
12 159 118 
207 1 8 
-261 -76 -61 
-6 56 74 
199 -263 23 
-181 300 -211 
-50 -280 298 
77 110 4 
-15 241 59 
86 -262 -70 
86 -32 -100 
-190 92 -252 
55 273 -244 
185 96 51 
-1 -101 -214 
141 -286 -55 
-180 21 -117 
-115 -202 104 
-11 292 80 
184 -280 -190 
-211 28 179 
160 198 32 
220 -197 72 
-215 41 187 
-218 33 174 
170 130 -2 
-222 -246 53 
-197 243 -183 
153 -130 -225 
111 227 -254 
298 107 -219 
-4 -12 204 
227 -44 -86 
184 -70 146 
17 -251 264 
-91 268 -269 
-44 252 159 
-28 96 86 
18 95 217 
-122 -254 -50 
-211 294 -214 
-17 137 -260 
-36 -172 -62 
-2 207 -244 
146 -11 37 
-87 81 234 
39 76 -216 
14 -258 -282 
-262 155 256 
-29 -237 176 
-290 157 -77 
229 68 -65 
145 39 -158 
24 12 175 
-32 -219 218 
-143 -147 -150 
-46 96 -111 
112 -275 -22 
-202 72 -149 
-240 -32 67 
-53 246 119 
-122 24 243 
74 126 -239 
-137 -220 136 
244 187 148 
265 278 161 
-300 25 200 
-294 -275 220 
-269 170 -167 
68 92 -117 
262 -70 40 
232 49 -96 
92 -64 241 
-266 -230 188 
29 -19 243 
-255 288 -140 
-217 -22 146 
-45 91 113 
222 5 237 
244 -212 -80 
-20 -101 -119 
-187 -33 28 
-224 173 61 
57 -214 -195 
239 -52 55 
-166 -173 -125 
31 13 -153 
193 -82 -3 
-43 -63 -298 
227 -249 -109 
-276 99 55 
-225 114 297 
-223 -273 -97 
85 299 -106 
284 -232 16 
-112 137 -43 
-189 -171 -220 
-227 262 -233 
-217 -83 160 
196 -143 -97 
-73 -133 -209 
198 134 196 
-190 -166 170 
121 -200 -48 
-207 218 -99 
235 -278 124 
-94 -136 217 
72 189 7 
180 25 34 
-214 -199 -211 
-236 69 153 
-155 -86 138 
153 -42 248 
-263 167 240 
231 38 221 
58 18 288 
85 -274 66 
152 -127 -151 
5 40 -101 
297 20 -76 
-243 211 17 
205 91 248 
121 93 125 
237 76 3 
203 -59 188 
273 -56 -123 
-52 -254 -188 
-257 48 -288 
12 149 267 
-295 241 117 
-143 -177 -11 
-149 -110 276 
-217 79 -82 
203 -15 235 
117 -222 -224 
87 -122 -286 
-64 242 -65 
-26 -162 292 
74 190 109 
-266 300 -54 
-123 55 -144 
-8 -72 204 
-1 138 285 
28 -13 48 
54 274 105 
271 -252 -64 
3 14 -235 
298 -42 -1 
-221 -287 -179 
99 -171 269 
-11 -40 -235 
45 257 37 
43 -103 -168 
34 100 -145 
-148 184 -189 
258 146 24 
-46 -262 -191 
-228 -268 -141 
183 -274 -254 
-161 127 287 
294 292 -86 
-118 -96 -166 
-252 167 -141 
237 17 -180 
64 5 245 
125 119 -270 
-183 204 94 
166 140 -63 
272 -265 46 
-189 67 -284 
-245 203 -53 
252 -187 249 
57 -300 -36 
71 218 39 
-228 -50 -184 
-142 181 212 
-124 -135 253 
-80 -233 200 
22 152 198 
249 -146 168 
193 -299 -112 
-174 -263 -173 
25 -100 -117 
262 -56 -105 
278 -51 188 
206 54 -244 
194 295 71 
-156 -292 130 
-119 -37 -168 
78 224 -108 
113 260 -166 
214 -280 293 
-293 240 120 
206 -223 -270 
-166 -112 -134 
-234 -158 -285 
-213 -84 -223 
70 -268 -23 
277 68 148 
-231 131 154 
-154 170 -289 
-218 -261 -62 
241 -187 6 
179 -112 -206 
214 -98 48 
16 -73 -35 
-143 -171 -22 
-292 -124 -186 
195 28 -102 
276 -39 273 
-106 -158 2 
-76 104 -233 
89 -200 43 
-7 89 267 
245 -48 44 
7 22 216 
226 142 -31 
103 285 18 
-126 154 146 
-37 -138 -22 
-107 77 110 
195 103 -33 
288 20 55 
-53 220 -264 
-28 32 -34 
-116 -188 241 
-300 56 -243 
241 99 243 
73 -126 17 
249 -69 94 
-114 130 -258 
-114 210 16 
-244 -288 136 
-41 -183 172 
224 -132 188 
-85 38 -250 
262 144 245 
243 157 -216 
-68 -248 175 
255 -198 288 
-30 37 -29 
209 -221 242 
-157 23 77 
-148 -144 -104 
213 129 -54 
162 -159 -41 
-49 206 -186 
-5 227 -110 
201 196 -205 
7 -16 -273 
26 -160 -47 
-17 -44 -296 
54 -166 -127 
-56 -195 83 
116 -293 91 
-88 42 225 
-69 -119 -71 
-134 159 -146 
175 -10 -281 
74 283 -24 
231 31 -59 
-76 -219 -17 
-77 46 140 
-44 281 -193 
249 87 176 
259 108 -87 
-129 -148 -291 
-237 18 223 
-192 -296 -57 
140 -74 -278 
-141 -293 -85 
-253 -86 -233 
-22 -24 129 
-78 7 66 
-98 -286 -282 
-100 242 56 
-51 125 -185 
-280 -93 -123 
287 35 213 
-93 -49 -243 
-53 196 264 
162 16 106 
25 14 219 
-132 270 -287 
296 -47 274 
254 286 -299 
-1 -5 -266 
-297 265 84 
-237 -81 -87 
291 131 140 
-191 -72 -48 
-292 -56 -11 
6 -50 161 
-176 18 -226 
-156 -16 203 
68 166 -283 
290 126 -116 
-64 87 120 
-64 219 235 
224 -260 -290 
271 8 -59 
66 168 8 
183 -165 34 
73 288 165 
-277 -206 -247 
162 186 -291 
270 81 291 
-285 -113 242 
-212 -200 254 
-137 277 -76 
134 297 72 
-281 -287 64 
174 -106 6 
31 107 111 
-80 70 -209 
227 54 -269 
242 289 -64 
-252 -118 295 
-120 -86 -270 
25 2 -32 
239 -152 251 
138 -267 31 
-282 68 213 
-222 141 78 
-225 -154 -144 
-28 -110 3 
-70 -213 -143 
297 -187 13 
296 -124 -210 
-194 109 110 
244 126 67 
277 -136 -26 
58 -231 136 
64 -43 89 
290 -122 140 
-77 -5 -252 
182 -197 -111 
-249 233 -271 
215 17 -92 
-239 84 79 
104 -128 -298 
142 -48 -33 
116 31 -63 
2 -198 -116 
29 62 -228 
-229 -224 -55 
135 239 -189 
-91 120 -148 
281 154 231 
-38 -31 -44 
272 -219 274 
-231 44 -263 
-21 -127 -280 
295 94 -132 
-173 95 99 
-168 -49 147 
-116 71 -288 
-175 -281 159 
18 -13 -244 
-229 174 -280 
37 255 60 
-90 228 -227 
217 -145 142 
146 254 138 
186 105 -127 
-7 -247 -116 
-119 -292 -14 
100 67 -233 
-17 163 -3 
-108 52 5 
-158 61 -45 
-209 -73 126 
-5 -118 102 
-59 13 57 
254 80 -242 
224 -103 131 
203 -131 41 
-150 -186 -124 
-245 152 -286 
136 127 -223 
-191 104 -15 
-75 -117 -60 
95 134 90 
-237 -190 -10 
83 208 200 
83 -147 -160 
-157 -230 -264 
276 260 -253 
192 137 -72 
-263 -239 -269 
182 49 -65 
-214 -247 -121 
189 -169 -149 
-3 -297 178 
-224 169 140 
92 -182 129 
-211 -33 89 
-156 122 96 
47 82 -34 
-224 -281 -220 
258 -101 -290 
-290 210 21 
243 -99 141 
-93 87 134 
-65 257 115 
13 264 -95 
37 57 52 
240 -125 108 
-281 -32 -269 
-164 59 212 
27 -191 -18 
4 -279 -278 
291 -45 172 
189 104 167 
-127 34 -217 
-33 161 -16 
-56 35 -151 
-259 182 -199 
-189 -225 -133 
244 155 -162 
221 15 89 
227 -283 177 
131 161 -50 
50 57 -151 
241 115 -109 
-135 -235 171 
-233 193 268 
262 -73 169 
-82 -212 -22 
290 245 249 
10 -66 -58 
175 270 199 
-18 -198 -12 
-10 210 -258 
-49 -177 169 
273 -66 -179 
82 -258 240 
88 185 -115 
30 -284 51 
-269 -154 -249 
245 -278 165 
-13 -135 191 
-30 -247 277 
-191 -115 280 
-66 -266 150 
-46 207 63 
157 -290 -189 
229 48 253 
-23 233 -143 
-159 -20 -242 
186 23 291 
201 202 -276 
-245 193 -174 
184 -112 165 
274 133 287 
269 -243 -188 
109 -222 83 
-126 151 8 
236 -215 -291 
234 61 47 
-239 -30 25 
187 135 -276 
-147 -9 -115 
-207 68 44 
159 -12 215 
87 -169 19 
58 -82 260 
132 168 -277 
44 286 -298 
-97 -225 130 
-211 143 -60 
-263 -8 -47 
-73 11 -79 
-111 -263 -112 
-296 203 -80 
-138 -149 -285 
258 137 -92 
-185 6 169 
-269 -146 142 
230 -217 295 
76 264 128 
-75 156 -52 
100 75 -14 
63 -241 -145 
-236 -189 143 
-6 199 121 
130 85 224 
-219 39 143 
-109 -43 -246 
-173 50 -272 
228 -148 183 
-186 -2 -27 
-169 -3 82 
-271 -280 158 
-189 294 -86 
100 93 210 
-211 264 243 
282 232 43 
-98 -194 114 
185 262 -26 
121 269 -72 
-42 -40 229 
62 149 -145 
11 78 -255 
232 -171 169 
188 -282 -213 
-22 -27 -218 
98 -250 -86 
208 -172 263 
232 -105 289 
-1 -43 57 
42 32 20 
53 193 168 
-236 -110 45 
-155 -253 106 
192 193 163 
287 -269 -34 
11 43 -44 
110 -286 101 
-12 -105 207 
-7 -89 -106 
-118 48 225 
-35 155 -267 
23 -240 -69 
-89 -189 245 
-184 -106 -70 
-130 -79 -214 
222 -18 128 
-113 -192 -91 
92 247 210 
-53 7 240 
186 -185 -89 
-25 -20 -15 
96 173 253 
-170 285 -9 
233 -12 -33 
-208 257 148 
-213 42 -98 
151 104 112 
-1 37 160 
-264 -172 50 
292 -184 92 
293 -231 -234 
78 -195 25 
-272 33 -196 
-26 178 -9 
17 286 -251 
105 161 183 
167 180 136 
248 -60 75 
-296 -147 -282 
70 126 -267 
-237 294 -236 
-96 -185 8 
208 -250 109 
-40 -3 199 
-94 32 -179 
-149 -103 -217 
-51 79 95 
47 -94 229 
-143 75 -194 
-191 -180 -251 
-125 248 -192 
173 293 -108 
249 -21 -160 
216 204 -43 
-142 -185 250 
219 247 -191 
-139 -175 35 
91 -130 58 
-71 -215 -287 
241 119 -194 
-270 47 -220 
-106 151 27 
154 141 -291 
104 -296 -113 
172 -152 19 
-219 -211 -126 
247 299 -179 
219 -179 -117 
-294 -85 274 
-37 3 -81 
-174 -52 18 
170 251 26 
-236 -18 295 
219 -254 -87 
-121 201 -82 
181 -212 38 
267 -95 182 
283 -72 -236 
-276 -40 -171 
-234 226 -138 
-73 -82 -209 
60 15 -84 
134 129 207 
11 62 135 
-186 -293 -246 
271 -66 -204 
208 -205 -185 
-137 -218 -61 
144 260 -153 
145 -5 -262 
-271 221 -270 
82 150 -108 
270 142 -25 
-76 -31 -270 
213 87 -285 
55 278 -64 
178 13 -130 
37 -162 96 
-15 268 -222 
-96 -194 162 
204 261 -168 
114 -183 216 
183 -295 106 
74 -104 -97 
89 173 -46 
-282 263 197 
-78 -61 184 
-52 108 261 
189 116 112 
-91 -145 -180 
-145 -229 -77 
126 -288 -163 
273 -69 -29 
117 102 107 
153 26 233 
-79 176 -206 
-233 119 106 
-251 -276 -258 
-165 -15 73 
2 -213 -58 
-133 109 -145 
23 162 251 
-242 -200 81 
-14 235 -292 
138 -248 -125 
-49 -269 254 
-135 -182 -104 
138 128 38 
-138 -125 116 
205 -288 -300 
-51 189 -127 
21 127 -281 
-45 -244 266 
-143 -57 -257 
-11 162 -58 
233 -241 -184 
148 244 -77 
233 46 266 
238 297 -155 
-96 195 -183 
43 -273 -120 
202 58 -239 
-282 237 -29 
-114 294 -156 
-147 86 -105 
254 20 -10 
-163 -92 -53 
49 -24 -203 
-184 -50 111 
45 -121 51 
98 103 -247 
34 -174 -265 
114 -38 87 
267 293 -60 
-84 104 20 
29 216 166 
-227 -277 281 
-285 -31 137 
23 -255 69 
56 -139 -296 
16 -93 -207 
235 250 -295 
43 -160 -134 
6 82 -52 
-246 -54 -19 
-163 52 206 
22 -40 -295 
-265 168 297 
10 -105 -101 
-18 175 54 
-226 -21 -300 
-107 -90 -293 
-220 299 -275 
-144 -89 127 
-36 -56 -75 
-22 259 291 
-63 72 228 
272 175 -154 
-149 275 -189 
-146 224 93 
118 273 170 
213 200 -280 
195 284 188 
131 -184 289 
-80 -112 -162 
93 -139 178 
102 216 -218 
-60 -274 230 
140 111 26 
68 -38 72 
262 167 -99 
-122 -51 250 
181 -227 228 
-113 97 102 
242 -285 60 
26 -173 -191 
246 299 119 
-227 248 -160 
230 133 219 
248 -210 109 
300 13 -73 
-212 259 100 
8 198 -175 
121 229 -136 
288 255 -157 
73 167 283 
-112 263 -63 
170 -37 300 
-61 -124 199 
-205 262 -25 
73 -171 80 
-242 -255 104 
202 142 279 
251 -151 -267 
-217 246 60 
119 -52 270 
289 39 23 
232 -86 -71 
-177 283 -295 
284 30 223 
-135 21 -81 
218 -55 -245 
-100 254 176 