   41 -103  176 
   12  -21  -28 
 -112 -144  166 
    3    9  -30 
   91  121 -135 
   18  -20   98 
  140 -151 -169 
  167 -183 -186 
   20   34 -113 
  -80 -138  196 
   20   55   80 
   98  169 -196 
   11   49  -96 
  -72  131  132 
   63 -142  182 
  -60  -78  104 
  -15  -38  -72 
   16 -111  192 
  -75  116  197 
  -39   44   96 
  -24 -116 -144 
   11   97 -193 
  -13  -16  -97 
  -26  -81 -181 
  -49   65  110 
  -22  166  170 
   29  -47   69 
  -35  -41   51 
   29   40   83 
   12   84 -102 
   53  111  190 
   37  -65  170 
    9 -119 -172 
  -38  -67  179 
   23  -37  200 
  -15   47 -154 
  -72  -78  184 
   11   56   75 
   -5   98 -125 
   22  105  171 
   59 -100 -110 
   54   61  175 
   27  134 -156 
   42   92 -121 
  -39  -71 -159 
  -68  135  154 
  -98   99 -136 
  141 -142  180 
  -34  -70  154 
 -144 -149  179 
 -150 -157  174 
   -4   65   67 
  -59  135 -162 
   37  -67 -151 
   80  -81  115 
    1   -6  194 
   -2 -158 -169 
  108 -154 -155 
   18   61 -181 
  -81 -122 -124 
   14 -118  149 
  108  125 -168 
   72  121  147 
   56  -94  149 
    7  146  193 
  -51   59 -146 
  -81  137 -157 
   55  107 -116 
  -79 -179 -190 
  -23 -115 -169 
  -18  -56   96 
  131  137 -142 
   20  102 -119 
   13  -32  -80 
  -26   88 -140 
   44  115 -187 
  -55   81  155 
   14  -37  123 
  117 -134  166 
   45  -77  184 
   -1   18  -70 
   -1  100  170 
  -74  -88 -123 
   19   58  164 
  -18  -25  -67 
   13  -42   50 
  148 -161  170 
  -91  124  143 
   -7   92  -97 
   -8   13   83 
  -48  117 -129 
  162  172 -196 
   13  -54  101 
  -91 -156  192 
  -62   70 -158 
   -9 -102 -122 
  -88  107  186 
  -21  -88  187 
  -71 -149 -195 
  -52   74  135 
  -28  -75  -79 
  -18 -176  182 
 -112  169 -189 
    2 -129  184 
   -2  -96  -99 
   -5  -77  132 
  116 -144  152 
   67   71 -173 
  -58 -143  173 
 -143 -157  196 
  -18   57   70 
    2 -116  134 
  -10  121  162 
   -9  -62 -168 
  -85  195 -200 
  -40   47  115 
   76   81 -174 
   25   64  -93 
  -42 -101  129 
  -61  152  166 
   -9   15  182 
  -80 -147 -187 
  166  192 -194 
  -20  176  200 
 -161 -186 -187 
  -48   51   65 
  132  154  183 
  -15  -28 -163 
  -35 -110  143 
  -21  -36  -78 
   24   58  132 
  101  116  150 
   87  110  180 
  -80  114 -133 
    3    4 -102 
   43  -97  143 
  -85 -121 -164 
   49   68  -92 
   24   41   62 
   43 -108  134 
  -64   79  144 
   61  165  197 
  -85 -149  181 
    1   75  153 
  -34   39  127 
   26 -123  139 
  148 -173 -186 
   55  109  175 
    5  -35  131 
  -28  -96  176 
   76  122 -186 
  -12   59  -73 
  -36   52   54 
  -65  123  188 
  105  143 -179 
  -61 -108 -140 
   27  -58 -102 
  -33   39  177 
    5  143  145 
  -22  -67 -139 
   25 -159  170 
    7 -147  184 
   28   57  115 
  -46  -65  -76 
   -8   23  -24 
  -93  108  186 
   66 -135  189 
   75  164  183 
  124  143  144 
    4  -48 -192 
  -13  -39  125 
   82  183  195 
  149  165  187 
   64   76 -195 
   -7   47   49 
   44  -54  106 
  157 -161 -200 
   92 -148  180 
  -25   91  145 
 -101 -141  173 
   54   78  170 
   42   61   96 
 -119  153 -175 
  -62  100  199 
  -27   41   55 
  -13  -37   72 
   50  117  197 
  -72  -83 -196 
   64   73  138 
   17  -60  101 
  -87  129 -183 
   11  -39   56 
  132 -162 -199 
   40  -71  -93 
   81 -121 -122 
   82  107  110 
   18   55 -135 
  -49 -132 -139 
  136 -148 -187 
   -9  121 -195 
   96  112  126 
  102  130  138 
   35 -136 -157 
   70 -136  158 
   72  -88 -138 
   45   78 -141 
    7  -69  151 
   83 -114  138 
  101  103 -138 
   73  116 -154 
    4   79 -191 
  -92  193 -197 
   14   60   93 
   22 -138  157 
  -54   90 -180 
   82 -114  156 
  -80   89 -193 
  118 -152  173 
   -7  112  117 
    9  101 -133 
  -78 -129  167 
  -68  117 -146 
    8  -42   99 
  -26 -180 -184 
  116  155  183 
  -40   62 -167 
   11   55  181 
   12  -93 -143 
  -72   84  142 
  -48  106 -117 
 -139 -178  193 
  119  180  195 
  122 -146  172 
  142  179  184 
   86   89 -113 
   88 -146 -173 
 -106  108  112 
   76  -96 -153 
  -65 -141  156 
   66  -67 -183 
   13  -41  111 
   87 -153 -156 
  -37  112  184 
  -45  -71  -82 
   12   93  191 
  104 -111 -150 
   27   32  -60 
   11  -45  158 
  -14  -54  149 
    8   26  -48 
   48  130 -180 
   36   50  187 
   -4   22  116 
  -40  124 -189 
   10   60   74 
   40 -112 -134 
   65 -162 -181 
   78   88 -126 
  -77 -118 -181 
   23   78  115 
   20  157 -186 
 -106 -193 -199 
   15  124 -138 
  -22  -40   71 
  -17  -30  -50 
  116 -174 -195 
  -26   33 -170 
  104 -117  197 
   52   86 -181 
  -72 -177  196 
   88  151 -196 
   39  -71  129 
  -36   67 -108 
   -7 -120  138 
  -10 -109 -143 
  -27   68  190 
  -14   74 -111 
   35 -113  145 
  -18  -27 -151 
  -32  -88 -152 
  -41 -134 -143 
  -20   86 -151 
   -9 -102  132 
   11 -162  189 
  -10   50  155 
   36   64 -196 
   52  -66  177 
   34  110  196 
   17   37 -200 
   14  104 -127 
   55   79 -135 
   31 -146  178 
  100 -135  139 
  -70  136 -187 
   -4   78  130 
  -50  -82  -89 
  -28 -102 -166 
  -54 -177 -196 
   -9   58 -195 
  -38  -48   66 
   45 -105  195 
  -19  -25 -156 
  121 -161 -199 
   15   82 -102 
  -51   85   97 
  -66  144 -189 
  -27   53  176 
   16  -30  114 
  -50  104 -173 
  -17   84 -104 
  -19   71  -83 
   -4   46 -103 
   21   33  139 
   32   66 -200 
  -96  154 -187 
  -68  -79  161 
  -70  110 -114 
  136  164 -184 
 -150  171 -194 
  143  181 -187 
   41   71 -108 
  -56  -76 -129 
   56 -154 -182 
  -61  -78  -89 
  -38  -71 -117 
  -45  -56  119 
  128  130  148 
 -119 -121  124 
  -44  107 -167 
  -52  -62 -156 
  -93  118  129 
   -6   15 -101 
   -3 -184  192 
  144  180 -184 
  -16  115 -179 
   83  -92 -186 
 -112  122 -174 
   24   49  196 
    4 -153 -162 
  101  102 -114 
   41   49 -108 
   18 -165  193 
  -74 -139 -160 
  -54  -82  181 
   -1  126  158 
  -57  -76 -175 
   -9  -60 -158 
  -19  -23 -134 
  -56  -71 -175 
 -107 -129 -179 
   44 -120 -148 
  -18   32 -134 
   64  -89 -113 
  -12  105  115 
   91   97 -133 
  -54  126 -130 
   19   35   54 
  -20 -105 -173 
   40  -90 -199 
   48  -99  141 
   11  -38 -194 
   13  -86 -136 
    4  -39   70 
  -41  -58  -63 
    9   52 -120 
    7  -46   89 
  -69  148  151 
  134  143 -153 
   96  121  177 
  -11  105  119 
   73  -78 -182 
   32  -38   64 
  -59  162  183 
   14 -141  163 
   54  112 -115 
   32  -48  146 
  -74  114  184 
  -16  -68  152 
  106  134  156 
    2  -23   45 
  -83  128  195 
  -19   78  174 
   72 -122 -124 
  -23   98  145 
  -11   65  -91 
    1 -186 -194 
   37  -77 -138 
  102 -134 -199 
   27 -111 -141 
 -118  174 -175 
  -49 -165 -175 
   34  -46  132 
  -59  144 -147 
   -2 -104 -157 
 -105 -169 -180 
   55  -60   66 
   47  -49  128 
  135  138  165 
  -29  -62   71 
   66   86  108 
   48   90  194 
   95 -121  157 
  -96  142 -197 
   18  -69  188 
  -61   65 -146 
  -94 -178  190 
  -77 -110 -123 
  -12  -64  148 
  -21  118 -137 
   39 -155  192 
  -10  -58  116 
  147  160 -193 
    9   71  191 
  -26   86  165 
   -3   -6  108 
   -4 -147  164 
  -95  132  194 
  -93  109  157 
  -13  132 -157 
   -1  105 -160 
  -63  108 -187 
  -53  -70  163 
  -55  145 -153 
   16 -186  197 
   56 -173  174 
  -42  -92 -108 
  -35  126 -130 
    1   72 -148 
   68  164 -183 
  -34   95  162 
  -33   69 -142 
  -10   69  -70 
  119  122 -163 
  -62  -81   97 
   17 -109  130 
  -24 -109  119 
  -15  -32  -81 
  -74   83  128 
   68 -121  171 
  -13  -73  144 
   28  -67  110 
   54  -89 -151 
  -87 -139  166 
 -101 -117 -186 
   40   65  197 
   73   85 -144 
   18   31   63 
   26  138  166 
   58   80  144 
    3 -119  135 
    4  115 -179 
  -21  -77  155 
   63 -101  184 
   51 -149  175 
 -113  182 -199 
  -13  -53  -88 
  -45 -104  195 
   17  -97  187 
   61 -129  182 
   76 -114 -137 
  -21 -108 -130 
  -22   39  154 
   52  -91  176 
  -82  103  192 
  -44  116 -152 
  -87  124  133 
   11  -33  164 
  -66  157 -183 
   -6   42  177 
 -115  126 -139 
  104  105  162 
  -39   88  189 
   63 -144 -187 
   24   88  129 
  -32  118  128 
   20  -59  173 
  114 -152 -196 
 -160  171  189 
   14   36   69 
   -7   23   97 
  125 -169  172 
  -13 -104 -189 
  -83  157 -195 
  -15 -106  198 
  -97 -159 -194 
  -37  -46 -183 
   -4  -61   72 
  -57  -69  106 
   -7   37 -134 
  -53   95  199 
    7  -18  200 
  -67   97  104 
  -25  -78 -186 
    3  173 -180 
    1  -71  127 
   30  -33  152 
   -8  -19 -177 
  -85  174 -176 
  101  147  198 
  -44   88 -120 
   30  -53  -82 
   -4  -35  106 
  155 -181  186 
   39  -73 -149 
   82 -109  176 
   -2   10 -171 
   43 -147  187 
   57  -61  -88 
  -40  -62 -129 
   51  -73  167 
   43  -60  161 
   14  122 -161 
   40   99  129 
 -126  139 -170 
  120 -146 -190 
   61  -96 -131 
  -15   82 -197 
  -15  -24  149 
   90  147 -151 
   22   61 -133 
   68  143  196 
  -23  -47   65 
   75  150  171 
  -80 -103 -197 
  -79 -164  198 
  -83  -98 -111 
  -40   41  -63 
   58 -115 -177 
   69   72  -74 
   27   48  124 
 -121 -134 -168 
  -47  132 -167 
  114 -167 -190 
  143  147  191 
  -45  138 -183 
 -102 -120 -181 
 -122  166  199 
   71   91  128 
   77 -166 -172 
   84  153  199 
   23   96 -185 
  -38  137  147 
  103 -115 -192 
  -38   88  112 
   27  -84 -185 
   -1   84  -96 
   -7  135 -182 
  -27  139  200 
   54  106  197 
   18 -129 -156 
  -40   52 -141 
  -17  -77 -138 
  -36  -72   86 
  -79  -92 -168 
   67  187  192 
   36 -113 -179 
   40 -177  191 
  -84 -153  188 
  -61  -70  133 
   -8  -89  118 
  -33  -83  159 
   18  -69  160 
    6  -67 -139 
  -84  -97  130 
   -7  -41   67 
   13  -28 -122 
   52 -117  160 
   22  -77  186 
  -34 -126 -131 
   -9  -82 -129 
 -149  165 -181 
  106 -130 -142 
   73 -132  150 
   24  -31  -76 
   56 -162  176 
  137  158 -200 
   13 -102 -139 
  -83   89 -194 
  -85   88  140 
   20 -103 -190 
   87  182  193 
  153  197  199 
  -40  105  135 
  -22   47   69 
   22   67 -198 
  -17  107 -126 
  -46  -53   57 
   -2  -27   83 
   45   87  161 
   25   66 -162 
  -13   70 -166 
   -3 -175 -193 
   27  116  117 
  -17  -36  -86 
  -15  137 -152 
   47 -101 -110 
  -80   91 -146 
   16  -88  126 
  -61 -136  155 
  -33  103 -197 
  -50 -119 -190 
   -8 -106  118 
  -59  102 -151 
  -26 -138  139 
    2   27  195 
  -55 -162  163 
   16   36   84 
   73  121  186 
  -54  -72   79 
   40 -152 -185 
  -31   52 -164 
  -87  -91  169 
   89  141 -181 
  105  107  152 
   47  -88 -190 
  -26  145  164 
  -76  119 -179 
  -82   85 -147 
  -34 -158  195 
   45  -76  190 
  128 -138 -174 
  -17   64  191 
   33   34 -185 
   24   69   89 
    4  108  119 
  -33   47   86 
  -47   58 -167 
  -43   54 -141 
  -11 -129  166 
  -84  105 -142 
   99  106 -194 
    9   73 -153 
  -45   88   94 
    8  121  149 
  -40   79 -110 
   34  -44  110 
  -88 -113 -174 
   16 -105  121 
  -59  105  195 
  128  163 -184 
   32 -158 -166 
 -119  163  179 
  -43  -93 -147 
  111  148  168 
   51 -169 -185 
  112 -163  177 
  -47  101  163 
   63  119 -181 
   15   71 -105 
   28  -75 -106 
  -25  117  129 
   42 -112  198 
   20  -80 -189 
   -8  -70  -84 
   28 -117  183 
  149  152 -180 
   41  -87 -145 
  -85   87 -143 
  -25  154  200 
   67  145  172 
   64   88 -195 
   64  -74  184 
   86  122  135 
  -57  127  137 
   -1  157  179 
   79   83 -168 
  -10   21 -180 
 -147  174  200 
  -83  -89 -151 
   26 -121 -148 
  -19 -141  178 
  -14  120  156 
   34  -45 -194 
   42   43  182 
  100  111 -139 
    2   79 -193 
  -40 -147 -174 
   12   13  -25 
   14  -49 -191 
    9   42  -71 
   90  145  158 
  -88 -100 -106 
  110 -149 -188 
   -3   55 -122 
  -24   87  156 
  -24   28 -130 
   -6   48  -72 
  -76  -89 -127 
  -33  -76  138 
   -1    5  126 
  -16 -143  197 
   10   76  194 
 -116 -142  175 
  -96 -104 -191 
  -29   86  170 
 -169 -175  195 
  -11   43 -166 
   40  -83 -175 
  -33  171  191 
  102  109  136 
   31  140  149 
   -8   10  117 
   75   83  172 
  -95  127 -191 
   27 -132 -147 
    8  106 -107 
   98 -128 -190 
  113  141 -146 
  -28  -63   72 
  -27 -120 -140 
  -35   37  182 
  -75   79  146 
    3   20  -50 
  140 -178  183 
  -61   87  110 
   46  160  183 
  -25   62   63 
  -44  124 -139 
   62   87 -105 
   61  -63   68 
  116  165  196 
   14   80  108 
   49   54 -123 
  -64  -78  104 
  -75 -156 -180 
  -44  -83  188 
   32 -119 -196 
 -112 -152 -191 
   55  102  139 
   28   52   89 
  -81 -110 -198 
  -11  145  189 
  -60   61 -107 
   68  -88 -195 
  103 -110 -185 
  -28  -96  155 
  -22 -168  186 
  -65  -87  181 
  -32  -35   91 
   -2   58  -60 
  -16   54  156 
   90  119 -139 
  -93  -94  127 
  -13  126 -173 
   21  157  180 
   28 -140 -145 
    3  139  186 
   64 -122  136 
   58  129  159 
  -98  125 -174 
   66   95  107 
  -34  132  148 
    4  -31  152 
   11   27 -130 
 -122  128  184 
   46  -70  -89 
  -21 -121 -195 
   -4  -80 -146 
    2   25 -164 
  119  127 -170 
   74   86   94 
    1   32   96 
    2   69 -106 
   80 -137  140 
  -66  -80  113 
 -137  147 -191 
  -18  -55   57 
  -20   29  156 
  -59  172 -188 
   23   27  143 
  -62   63  123 
  -28   30  168 
  -65  102  138 
   13  182 -195 
  -56  -96 -192 
  -29  -58 -114 
    5  143  144 
  -58  -76  178 
  -15   32   78 
    4  -26  -55 
   22   56  184 
   52 -128  174 
  104 -124 -148 
  -92   96 -123 
   25  -85  116 
  -26  -80 -170 
   10  -14   82 
   43   70  110 
   22   45   98 
   25   34  -92 
   96 -121 -191 
  -50  161  180 
    7   21  158 
   -4   39  126 
  -46  187 -195 
   76  145 -147 
  -10 -120  195 
  105  144 -158 
  -15  -28   33 
  -40  -98  130 
   50  131 -144 
   56   90  103 
  -46  -94 -108 
  -22  -78 -194 
   27 -142  174 
   28   85 -133 
  -75 -153  165 
 -121 -136  151 
   50 -100 -200 
  -37  168 -178 
   69  130  153 
  -79 -102  126 
   21  -44  160 
  -71  105  168 
   91 -131  196 
  -52   97 -179 
  -88  -90  161 
  -31   92 -196 
   11 -192 -199 
  -31  -87  196 
  -54  -72   89 
  -11   79 -136 
  -14 -147 -187 
 -157 -158  195 
   16 -147 -164 
   23  181  186 
   16   54 -167 
    2  129 -179 
  -75   76  139 
  -34  -57 -193 
   46 -123 -189 
 -114  157  167 
  -28  109 -151 
   14   24 -135 
  -54 -117 -142 
 -110 -156 -198 
   -2   19   40 
   51   91 -186 
  -69  -95 -179 
  -53  -71 -183 
  -53 -180 -193 
    1   -2 -115 
   -9   51  -68 
   46  160 -161 
   51   99  166 
    9   34 -186 
    1  158  176 
   22  135  185 
   80  108  155 
   28  -77  187 
  -55  143  151 
    7   80  106 
   -8  109  183 
  -15  -51   65 
   22   30  -89 
   41   44 -100 
  -33   82  137 
  -25  187  199 
   60  -80 -146 
   51   98  152 