-135 128 70
-216 36 -290 
-48 79 -17 
59 -227 -131 
106 -254 -224 
39 48 -296 
-132 129 102 
298 98 -206 
-251 -189 -100 
104 60 74 
-61 -121 -86 
-217 -56 161 
78 162 161 
181 225 -227 
252 -84 -296 
-147 -72 4 
184 277 -66 
-226 218 -130 
293 44 169 
219 -98 -200 
19 81 -85 
129 -174 -58 
13 178 144 
240 -287 280 
211 -5 -262 
-171 277 -296 
273 -237 -44 
-172 -50 259 
-277 -122 -273 
-96 -184 -85 
-261 258 1 
145 -239 -68 
116 -7 10 
-274 144 -266 
149 -91 -297 
-116 -159 265 
64 209 -13 
-245 167 105 
-41 23 -27 
-266 -138 204 
205 -9 230 
-276 42 281 
109 -78 198 
-81 -296 -156 
-97 -66 -177 
62 230 190 
-167 -54 -159 
222 -90 -270 
122 192 -59 
-241 82 -218 
-149 -1 209 
295 -213 60 
-98 -29 218 
-139 -256 -282 
-291 -258 228 
275 51 43 
121 -13 -262 
-199 46 -273 
-32 277 -216 
220 -156 -11 
11 160 240 
71 176 -72 
-218 230 -135 
-117 -10 -81 
-77 -169 252 
-127 -156 74 
-289 117 -74 
68 25 -138 
-224 -119 -264 
-209 89 200 
-118 -240 -82 
157 105 -205 
-66 184 -185 
276 -275 -71 
-259 -299 -197 
141 -113 -20 
-43 283 72 
19 -197 64 
-254 -65 -222 
147 253 -27 
39 254 -266 
85 291 -145 
-207 237 -26 
-166 285 -93 
-113 -81 100 
128 -76 225 
-200 -71 -254 
121 38 -148 
-293 235 -30 
113 -291 14 
24 274 283 
234 -99 186 
250 155 279 
-217 50 -53 
-44 143 111 
196 146 99 
207 -170 -11 
-189 49 41 
260 103 188 
-22 256 -25 
276 -102 109 
52 253 244 
-44 -124 83 
208 67 79 
-224 187 153 
109 271 164 
128 -188 54 
-9 83 -61 
274 -248 82 
-273 -25 149 
-175 -232 265 
235 42 6 
-14 55 -18 
15 -82 34 
-165 -18 288 
-259 -297 -244 
247 -93 -182 
-133 -159 -67 
-119 105 276 
-91 -276 146 
-180 -142 -185 
80 142 244 
151 -185 170 
-122 177 -61 
-6 -41 274 
5 143 283 
39 262 -31 
-114 -126 -233 
156 -187 -229 
-51 76 -2 
-82 -262 31 
123 191 90 
-110 -88 96 
-108 -250 98 
292 -249 174 
-88 -3 97 
-147 -273 -71 
196 -251 93 
254 162 21 
-135 -177 201 
10 46 -39 
205 -185 -141 
108 256 51 
296 -173 31 
76 154 191 
-185 -14 259 
264 101 63 
165 236 -227 
221 -119 -2 
66 -203 -234 
63 -245 229 
131 160 176 
19 18 -236 
-69 -234 56 
-35 267 11 
-183 300 185 
84 129 -252 
-195 -131 103 
282 -173 -89 
-118 -148 26 
-56 229 204 
60 6 -82 
-147 230 47 
62 189 50 
-216 -42 -116 
-76 -284 -23 
67 -55 -52 
65 11 -195 
-195 -56 209 
-139 -237 64 
-250 60 -123 
-203 118 252 
-293 73 109 
44 203 280 
118 -239 110 
-4 67 -41 
274 222 162 
-74 241 -144 
6 -236 188 
127 -118 -300 
188 -53 -208 
-138 -151 54 
-242 -289 -221 
231 224 241 
-62 -236 -176 
163 286 85 
137 -162 -267 
164 27 -139 
-130 -113 -82 
-6 -298 -228 
-290 -174 104 
-133 51 -118 
23 35 40 
242 -64 -270 
186 -232 -291 
70 -293 161 
220 55 -54 
-38 228 184 
-244 -169 239 
-268 47 -209 
-108 291 258 
-235 -69 -122 
-174 34 -279 
-50 83 -124 
-125 74 -61 
-190 -161 -133 
123 -30 -166 
79 -73 166 
-106 129 -254 
-235 -34 12 
-2 117 -113 
-47 -240 -288 
-267 -97 179 
272 247 173 
204 -84 89 
-41 48 -112 
190 239 216 
235 -84 28 
56 -49 168 
-17 280 -214 
195 -276 185 
65 120 -54 
226 182 -69 
82 35 196 
269 95 -80 
170 -101 154 
-217 133 138 
-186 123 217 
18 212 -161 
212 208 213 
59 -160 -280 
-232 206 130 
-113 -54 -131 
-78 279 -135 
-270 -255 103 
-277 168 -80 
-94 -198 35 
211 213 -184 
-79 -215 -67 
259 -74 -114 
57 134 -138 
-236 238 -50 
-84 229 -138 
37 100 -296 
-64 53 171 
-72 220 206 
-212 -266 -29 
-282 -67 75 
37 -49 -6 
-164 115 208 
-183 -199 -65 
-99 221 176 
56 -37 167 
-241 154 -59 
175 298 69 
-233 -281 7 
56 169 -184 
-42 170 -274 
-36 293 -219 
112 -54 -240 
-199 -12 254 
-206 74 135 
-138 251 -160 
126 -265 187 
124 86 -145 
272 -164 -288 
-33 -57 -288 
-263 273 67 
-33 -3 5 
107 76 271 
164 -159 291 
131 -202 -178 
99 -230 -153 
161 -268 132 
-185 -6 52 
86 -229 89 
262 -168 54 
-108 -113 152 
-58 -37 136 
-267 -14 78 
-137 -269 179 
266 87 -291 
175 -264 -114 
245 -109 185 
-209 -84 205 
-186 27 -166 
147 189 16 
167 -69 3 
-206 -64 -194 
-283 192 -189 
95 252 236 
19 130 63 
160 275 222 
297 -157 163 
18 -240 -166 
21 -240 -272 
116 114 -34 
96 94 -138 
-56 78 -227 
208 249 10 
50 278 -29 
-133 -159 -206 
-148 175 177 
225 -75 -260 
62 -149 -237 
289 -215 212 
117 -20 -203 
-283 284 -132 
-224 -196 127 
242 289 276 
32 198 292 
19 -67 -125 
-222 56 -25 
163 -173 275 
-174 270 166 
-18 -137 -224 
37 -279 -146 
-52 300 -243 
287 -175 9 
-221 134 112 
239 -27 -19 
225 -5 292 
73 97 93 
-160 72 232 
25 -208 -104 
-68 -207 -299 
-242 160 -150 
-120 -158 273 
-20 263 -6 
151 95 -33 
55 230 -12 
-233 -293 -36 
-271 -268 -106 
-278 92 -102 
-214 -219 -248 
30 -243 299 
-145 80 -201 
8 141 117 
152 -218 217 
-100 123 -150 
12 246 206 
-50 -100 -8 
81 -135 -286 
54 154 102 
-36 283 -112 
-163 -13 -138 
-280 -69 58 
-44 -52 -115 
-80 149 249 
128 205 -280 
216 152 -102 
-160 -241 -299 
174 -101 -67 
81 -61 286 
208 230 -24 
116 49 -126 
28 -167 20 
161 44 166 
235 -121 114 
-212 288 -195 
-157 -12 105 
295 -21 25 
1 284 -94 
112 -229 -256 
130 35 278 
-294 217 -157 
-201 184 56 
14 -163 -103 
47 -30 -99 
55 215 268 
36 124 157 
-133 -177 -231 
179 -228 -287 
-41 44 240 
-190 -68 167 
15 137 155 
-25 193 209 
-173 132 211 
168 199 -209 
20 -108 -272 
267 80 120 
59 190 215 
-292 -6 -136 
114 -279 -16 
290 248 128 
154 292 175 
-267 -70 227 
-41 19 -139 
-252 69 -4 
-179 14 155 
-44 24 89 
-58 -288 -265 
64 -38 -94 
-26 204 -185 
-41 79 -251 
-277 182 76 
234 -149 -175 
277 31 179 
154 19 -270 
44 8 -212 
174 265 -141 
-66 250 -228 
91 294 -99 
236 -89 21 
-243 -176 -30 
-39 -273 -300 
-245 189 240 
-155 -158 53 
-282 -53 -216 
245 -260 141 
77 275 -199 
-77 -36 70 
250 -207 253 
-295 -172 -98 
-61 -143 176 
-295 28 -267 
-300 57 221 
290 -263 -44 
-273 -38 -115 
-119 283 294 
82 -153 114 
-107 -162 28 
-81 -164 -204 
154 -74 -97 
185 -71 -138 
17 42 127 
-299 -223 199 
-84 144 169 
55 -181 295 
79 -97 -176 
100 -174 -143 
263 -62 -55 
-137 285 -269 
-73 -131 -139 
-205 229 -216 
-22 -247 -226 
208 -216 -294 
221 -280 261 
-210 -93 -134 
-118 -248 -60 
-291 287 -98 
-44 173 266 
-191 32 141 
-183 102 -170 
6 -245 45 
-279 216 -289 
267 282 191 
-42 10 -91 
-115 -49 -176 
-250 89 -235 
-194 -83 -262 
144 97 -146 
209 140 168 
-217 215 50 
-138 20 -14 
96 136 39 
-198 288 114 
4 -73 126 
-209 -81 222 
-284 107 131 
-127 210 -52 
-63 -178 -145 
-217 206 -189 
221 -3 156 
-242 143 274 
261 -116 38 
-5 13 -189 
-135 67 271 
-17 -4 260 
-85 -299 201 
81 -220 -206 
-282 290 -127 
-4 -168 124 
51 200 -181 
70 86 246 
-5 -166 151 
-168 55 253 
130 222 -84 
-191 -74 -202 
24 234 41 
48 -181 217 
-280 -167 147 
-53 -149 -256 
296 124 33 
-250 300 -78 
-269 -228 -142 
135 9 165 
80 -115 93 
147 -179 38 
198 -1 110 
42 -76 105 
67 -27 216 
-170 -223 59 
-213 294 26 
-32 -266 34 
-68 163 130 
177 -259 277 
-1 -111 151 
25 -184 189 
144 -114 -135 
-105 249 -172 
160 -256 208 
-36 -121 241 
151 -55 -65 
-168 214 116 
73 76 -137 
125 -34 -291 
291 182 -193 
132 156 272 
-207 157 131 
226 -245 45 
-261 151 -54 
213 -211 -159 
-246 12 -190 
-235 -172 -185 
-289 -192 108 
-171 -38 114 
-237 34 190 
-98 157 177 
-263 -295 -80 
-13 -220 254 
67 -233 -283 
78 40 -46 
-107 141 -50 
-185 -176 -161 
122 180 -196 
73 -130 249 
144 274 241 
-164 -35 -283 
241 -78 -249 
-143 188 -152 
-70 142 -1 
-160 51 -124 
150 -221 -65 
-129 -283 136 
-135 134 -165 
228 277 114 
-177 164 85 
-201 -43 -151 
263 141 -271 
-278 -126 -85 
-258 79 -63 
83 -231 -7 
-154 -276 171 
-152 250 122 
59 230 -185 
-72 171 -229 
-102 246 217 
241 -185 292 
49 -221 -198 
-283 88 259 
-76 47 -191 
148 298 -122 
-12 100 -208 
233 -14 -152 
-204 -290 -5 
-299 -88 -170 
-204 -41 10 
-168 -63 -65 
73 63 143 
-146 291 51 
-142 -174 295 
224 -123 -74 
-84 -92 -66 
-295 236 -67 
181 -213 168 
145 18 43 
-250 -280 -93 
-155 -37 -180 
-140 121 -109 
-85 -120 -33 
179 -186 -292 
-173 59 20 
223 129 215 
-284 283 -166 
71 -39 -103 
141 202 -212 
177 31 271 
-118 224 -238 
67 -203 -232 
-223 -144 -80 
-64 -284 -223 
285 176 191 
68 104 -151 
227 113 264 
59 251 41 
170 144 -87 
-155 -251 -168 
3 157 -168 
-29 50 118 
61 -6 -236 
-34 282 -11 
189 204 -176 
-213 282 171 
-74 126 278 
167 -148 -106 
158 12 32 
134 -156 -10 
80 249 -147 
36 127 197 
-199 -222 266 
144 -300 -6 
189 222 265 
270 -36 141 
-288 170 114 
-161 113 216 
-179 -166 -12 
-217 28 -113 
59 -167 -157 
64 -146 179 
152 -264 -177 
121 89 4 
151 -224 190 
56 -287 -203 
101 5 -26 
-219 86 136 
252 134 209 
-277 105 166 
-20 -201 -258 
294 147 263 
192 30 272 
-90 -119 55 
-264 -59 194 
-70 36 -288 
238 84 -36 
124 -64 -247 
185 70 38 
245 167 -266 
-232 190 295 
-78 -174 -121 
-285 -187 100 
-284 -114 40 
-78 -113 9 
-15 -64 -116 
-297 -79 124 
54 -36 85 
144 -22 227 
-252 -164 203 
-157 71 48 
28 -172 -240 
-10 -32 202 
296 257 -131 
224 -21 -205 
-126 -238 72 
43 -27 281 
5 -61 -249 
-276 -22 237 
287 -274 -148 
-237 26 178 
61 164 255 
-58 172 79 
-56 186 13 
-64 188 30 
-162 4 -45 
-241 -235 -153 
200 224 102 
111 -107 213 
279 22 -163 
-10 -217 46 
-281 -284 -238 
41 55 44 
-30 83 84 
47 -88 -176 
-198 33 116 
290 -93 -253 
255 -178 286 
16 -75 -246 
181 102 -221 
29 201 206 
-299 -48 -10 
137 -276 6 
14 202 125 
-149 229 -152 
48 -148 -70 
278 -221 -187 
-287 19 -6 
-176 260 -125 
45 235 -27 
-38 218 -162 
117 148 159 
268 177 -17 
40 -68 287 
86 -255 -295 
175 -90 237 
-64 281 262 
61 -44 -212 
-10 -77 -132 
93 -116 -287 
-19 -129 -206 
289 202 -207 
-242 237 68 
-182 -270 44 
-111 -188 20 
-56 -41 196 
-217 168 295 
-255 275 -76 
129 -85 286 
-127 -197 -185 
8 137 14 
195 -171 89 
42 182 46 
-155 -5 13 
129 -252 -166 
261 48 179 
-106 -28 -109 
67 -254 -155 
221 -57 -268 
-199 -278 -160 
54 27 279 
128 214 199 
101 66 -227 
155 254 286 
-214 -293 -286 
267 78 10 
184 8 -16 
47 -160 295 
-19 265 -100 
50 -38 266 
224 129 266 
-244 -277 92 
-271 206 9 
89 147 158 
-152 92 -127 
-200 40 -20 
173 -156 294 
-190 184 1 
106 32 -115 
-150 -285 222 
172 88 -171 
-151 -21 217 
-289 213 -148 
158 -113 137 
92 179 -287 
-257 -277 -150 
-65 2 -39 
-10 -102 75 
29 267 -60 
-159 209 65 
138 94 -62 
-106 -116 222 
-131 209 3 
-7 200 82 
238 -7 115 
284 141 -72 
-240 139 210 
-266 27 111 
265 287 -156 
-289 36 -60 
-264 89 -59 
110 235 -283 
116 -254 -72 
-47 -176 -150 
13 -29 283 
-253 230 -199 
-102 266 276 
-198 -141 -90 
-293 294 -297 
9 235 -267 
23 -195 227 
-190 7 -55 
278 -299 125 
47 -178 -109 
-44 259 161 
188 203 -108 
66 -290 -191 
80 182 253 
-280 6 269 
216 -9 -136 
2 -98 -72 
203 -280 66 
-59 -19 -296 
-218 -87 246 
209 -126 17 
-252 80 279 
280 -163 148 
-75 -27 42 
62 48 -241 
-188 61 -196 
242 39 -248 
206 281 40 
165 -170 -77 
-174 237 114 
-145 53 294 
83 278 148 
256 97 -235 
-48 107 126 
28 -294 16 
-140 -112 -177 
276 -124 -21 
69 185 -152 
-280 -36 268 
-183 -111 -225 
-88 -231 -218 
184 38 -265 
-117 -135 298 
112 297 249 
-255 -172 174 
11 -25 282 
-298 288 64 
-239 202 9 
-243 270 -142 
264 236 -8 
104 -268 91 
267 83 -242 
193 66 -102 
208 -213 3 
268 103 288 
294 25 -273 
280 -198 -117 
196 25 109 
-193 47 99 
74 215 37 
208 6 76 
107 -274 -142 
147 -119 66 
-98 10 23 
-181 113 -6 
235 -149 -28 
118 33 20 
-79 151 211 
152 79 -18 
-92 73 -39 
216 21 -268 
227 100 -80 
207 118 -22 
74 -90 98 
-194 -190 60 
269 -2 -100 
-154 -263 113 
177 -222 -150 
176 267 -70 
-277 -56 198 
192 229 160 
220 -298 -263 
-7 153 226 
272 -84 194 
-112 86 157 
-75 -122 -143 
121 -260 110 
230 127 121 
18 -153 116 
220 30 -96 
210 175 228 
196 101 16 
-198 -116 123 
181 -298 265 
230 183 172 
-226 -244 -269 
108 -265 226 
-166 -54 -216 
279 3 94 
280 22 5 
57 -20 261 
-204 6 -300 
224 -276 199 
36 291 260 
176 127 -276 
136 115 -251 
-224 211 88 
216 132 -258 
-105 229 134 
-99 14 128 
-231 -82 -250 
-93 62 276 
129 31 -70 
-33 17 101 
183 164 -223 
226 80 150 
272 -124 -39 
250 293 -195 
53 -32 -27 
21 -259 169 
214 -36 174 
-251 73 -260 
-205 97 -61 
-241 190 -292 
297 52 -91 
262 272 28 
46 187 277 
292 132 255 
-11 53 -228 
-127 257 -87 
109 114 242 
198 172 -91 
-280 94 -135 
117 -257 -167 
-144 96 229 
-235 -255 -64 
46 -51 -261 
-21 285 44 
-69 6 -216 
-18 -94 207 
176 164 9 
58 -243 -38 
280 105 259 
-134 -261 65 
273 -289 -176 
-272 81 142 
-154 169 -26 
-234 -5 187 
60 217 -7 
63 282 -43 
206 -70 -31 
-213 113 205 
103 -120 96 
253 -185 257 
260 -282 234 
-195 -189 8 
47 290 -281 
103 -21 -147 
135 117 13 
-125 227 143 
132 30 -125 
-62 -239 48 
249 -85 -147 
-2 -247 104 
-300 -42 278 
-267 91 -74 
196 -84 97 
-190 143 -299 
174 52 -39 
15 -130 237 
165 -207 37 
-119 -288 -83 
4 233 140 
215 -201 -39 
-36 124 -38 
10 -31 235 
191 -35 -295 
159 -122 99 
-269 -130 -126 
-215 -237 98 
-54 257 106 
232 50 -186 
-285 -217 -37 
-62 -127 186 
4 -214 -247 
288 -223 -152 
-67 -220 -137 
185 72 187 
-269 36 163 
4 169 53 
-247 105 255 
-102 49 187 
202 -223 239 
-300 75 -294 
-193 179 -62 
-237 254 90 
-183 236 -250 
-191 -231 -98 
195 -12 -60 
-263 -178 -72 
4 50 -136 
-7 212 -6 
176 -251 -55 
-190 -204 -217 
-221 100 -232 
-216 -125 -221 
19 -84 297 
72 152 44 
149 64 262 
156 -109 293 
-110 163 -135 
-204 202 222 
-297 -221 43 
195 -290 160 
-241 82 144 
203 -71 162 
-71 168 235 
-229 -288 38 
153 252 -76 
-224 179 -299 
86 150 -40 
23 45 232 
296 -75 202 
237 -216 132 
-36 114 44 
65 221 -37 
161 168 -225 
271 -56 -219 
-222 30 -108 
297 -110 -287 
75 219 102 
292 -82 -167 
135 62 232 
-108 136 -288 
-236 68 -161 
-23 -115 -184 
165 289 -102 
-96 -233 -203 
239 -103 -172 
-30 267 248 
200 -238 -152 
299 -50 249 
90 231 -51 
-63 282 77 
265 249 95 
266 -286 -146 
249 -36 104 
-229 233 238 
56 -146 -138 
142 -209 162 
99 -86 -131 
-85 4 194 
97 -45 -264 
140 188 117 
245 43 193 
132 -262 149 
-228 -219 66 
-145 167 224 
-1 -115 112 
-243 120 239 
126 -94 98 
-179 44 37 
-20 -271 55 
265 -2 -173 
281 43 -26 
281 -166 23 
123 66 -129 
165 -138 289 
293 -187 161 
-100 201 -252 
-274 -133 -13 
267 -213 -155 
235 -109 5 
-95 -131 142 
-101 -290 282 
-148 -290 51 
181 -34 -186 
266 -237 -89 
164 -283 -42 
-11 -280 -68 
-176 -261 -15 
-117 298 292 
-268 83 188 
49 121 146 
44 245 146 
125 166 253 
-137 -162 101 
-12 64 66 
-173 97 22 
-37 248 221 
148 -126 -295 
-168 -291 -217 
-131 24 119 
-176 -184 285 
-184 -16 -135 
-205 272 -268 
-80 178 203 
-77 199 -224 
166 -60 -96 
-84 -131 49 
-99 283 -150 
266 121 202 
-284 -252 166 
171 -293 -23 
-34 -129 -202 
-276 -33 262 
-227 41 -226 
87 247 -262 
-243 -238 297 
17 -188 -58 
-63 -134 -60 
175 79 148 
-34 247 -63 
-228 85 207 
243 92 -203 
-150 124 -132 
40 -234 -124 
263 92 -250 
277 210 115 
-286 -144 -233 
25 -121 11 
288 196 166 
138 118 -174 
-247 -7 71 
4 33 217 
201 -218 -151 
270 -142 -77 
58 -265 272 
-249 52 38 
-90 -43 -272 
269 -124 71 
-250 -52 -274 
-120 29 -183 
155 -278 39 
197 98 103 
-77 151 278 
204 -158 -157 
7 -257 -104 
150 -238 280 
280 239 -1 
-99 293 -25 
-258 -36 -240 
5 -228 83 
92 -128 -20 
269 -251 -49 
26 -242 -137 
-150 -210 -255 
106 -145 113 
54 176 227 
-40 -163 269 
-154 -217 219 
272 -283 -23 
-238 -159 -146 
186 -17 -128 
-234 -285 -174 
-139 -199 160 
-117 162 34 
240 -97 222 
224 -90 -7 
8 275 280 
-277 -206 -112 
-230 -266 292 
-244 -76 176 
-284 -121 296 
165 57 -117 
140 257 58 
-173 -265 -190 
165 -256 276 
-159 176 -218 
-153 -70 188 
-48 113 -156 
-143 -291 -188 
260 240 15 
13 -204 86 
-170 223 293 
-294 21 194 
174 254 128 
-55 279 204 
227 -146 -296 
142 -300 -221 
97 65 -263 
46 47 -5 
5 -63 -256 
-30 -105 84 
300 -283 108 
-74 51 131 
250 126 260 
71 -7 159 
98 -152 -133 
12 -129 -76 
-130 29 202 
132 151 240 
223 -165 44 
-270 142 -223 
36 -212 -291 
-184 -156 -206 
212 -142 208 
-282 -198 193 
74 158 -88 
13 -15 56 
22 7 -40 
221 -173 125 
-285 -288 87 
177 -232 -218 
-52 136 210 
97 -232 188 
-222 181 145 
-47 -166 -158 
106 60 -48 
168 114 -183 
-266 -294 131 
-75 -13 -185 
-232 40 -2 
-45 78 -267 
-106 -286 99 
-211 138 248 
-192 -32 206 
94 -86 -110 
-258 -250 82 
61 -225 279 
-147 136 103 
162 -210 177 
185 -52 -288 
200 -47 -112 
255 -160 -291 
285 149 -185 
-116 -215 -59 
-95 167 -254 
210 32 -164 
-107 11 84 
-43 -188 291 
-35 -258 116 
-66 38 -204 
-90 -1 235 
75 59 -107 
133 -95 26 
73 -237 39 
245 284 200 
-240 145 121 
255 -60 -191 
280 -92 -108 
-153 128 -42 
152 128 267 
-211 288 23 
199 -208 -86 
-157 260 -209 
263 -23 -131 
71 237 -135 
-296 252 83 
-99 -147 -197 
-285 109 -23 
-59 -183 232 
56 42 -208 
-173 -267 -258 
247 -37 -179 
-17 87 192 
240 291 -62 
-289 -104 56 
148 63 -90 
-29 -210 -271 
154 -230 -210 
282 -58 -80 
36 -44 149 
59 81 -260 
94 201 -286 
42 236 -288 
3 -88 181 
-248 27 -203 
-27 -174 -251 
-88 -100 -188 
255 -275 269 
78 -7 -193 
-170 68 -227 
-26 -180 206 
285 180 281 
-48 51 -287 
292 -38 -69 
-221 30 207 
145 -38 -245 
-177 -190 -9 
-74 -99 30 
142 86 185 
52 183 -208 
255 -246 -107 
38 -2 238 
-287 184 -44 
99 129 -257 
206 117 1 
-286 99 114 
109 -184 -89 
104 5 -261 
277 -251 45 
239 68 187 
253 -197 108 
-204 49 19 
-44 -283 92 
-148 194 211 
225 251 300 
-16 27 -142 
-241 -123 -249 
211 -215 179 
-90 -261 125 
201 17 280 
73 -208 -147 
87 106 42 
-227 -79 -104 
10 -257 -172 
-84 123 266 
216 24 -230 
95 247 -31 
150 -151 -270 
248 -13 -225 
-280 -91 -242 
237 -247 223 
192 262 206 
214 286 -113 
-170 -38 -201 
61 172 285 
-117 13 -247 
48 120 43 
-272 -71 -173 
190 -216 -143 
-297 268 97 
-266 97 -139 
-41 -184 -230 
138 248 -258 
264 -82 -267 
-74 109 157 
-83 -284 -208 
-251 173 -296 
266 98 219 
113 2 146 
245 232 29 
-168 102 -150 
-11 257 191 
-3 184 5 
253 240 31 
204 -173 11  