   21  -41  319 
   85  -95 -250 
  -23 -337  386 
   15  223 -311 
  178  292 -352 
   72 -234  335 
    3 -193 -234 
   29  -44 -258 
   51  183 -284 
  -27 -302  388 
  135  228  286 
   16  120 -218 
  251  310 -313 
 -333  340  381 
  154 -211  310 
 -102 -165  359 
  -72  -77  -78 
  228 -248  385 
 -209  331  395 
 -215 -255  311 
   57 -327 -339 
   21  336  397 
   70  -99 -332 
 -109 -219 -363 
   87 -108  129 
    6  -84  238 
  -98  110 -316 
  -86 -295 -356 
  266  290  394 
  -80  185  362 
  -53  261  323 
  -82   83 -179 
  -27  163 -187 
  274 -291 -357 
   36   78 -149 
 -181 -209  230 
  -34 -286 -388 
   41  230  280 
 -129 -147  362 
   21  290  340 
  -23  119 -145 
  -31  166  309 
    5  212  278 
   28  195  363 
 -227 -297 -319 
   -5 -223  349 
 -104 -151  194 
  -17  165 -168 
  122 -221 -260 
   55 -159 -208 
   51 -327 -363 
  108 -223  226 
  -64  -99  144 
  -93   98 -246 
   89  193 -338 
   24   27 -242 
  -38 -172 -220 
    3  110 -308 
   87  251  303 
   80 -134 -339 
  322  346 -400 
   10  227  374 
 -198  334  354 
 -163  341 -384 
   11   16  177 
  -61 -210  312 
 -227 -269  300 
 -159  262  350 
   -8 -341 -391 
  196 -320 -340 
 -126 -164 -262 
   71  142  380 
   97  340 -358 
   62  -96 -357 
  -60  119 -140 
   40  110 -120 
  -10  137  267 
  267 -295  394 
  188 -322  346 
   13 -152  302 
 -244  279 -292 
  -15  249  364 
 -123 -125 -135 
   44   61  240 
 -139 -276 -295 
   87 -116  267 
  195 -216  400 
 -175  335  345 
  -23  298 -329 
  -50  261  296 
 -116  161 -373 
    3  233 -276 
   49 -105  359 
  -13  -64  124 
  -87  190 -344 
  -69 -363 -382 
 -110  181  241 
  -60 -130  238 
  -77 -156 -201 
 -106  264  392 
  -95 -125 -285 
  -22 -226  255 
 -155  224 -245 
   68 -343  389 
 -122 -242 -300 
 -234 -310  394 
  148 -197  398 
   22   73  -90 
  -42  -95  219 
  -22 -214  243 
  -66  105  308 
   30 -335  338 
  -32  151  220 
 -283 -306 -383 
  -64  268 -363 
  -62  165  262 
  120  134 -388 
   50   74 -340 
 -102 -123  188 
 -116  188  358 
   61  279  373 
 -163 -343  349 
   19 -246  351 
   56  248  292 
  -24  -98  165 
   58   94  388 
  253  280 -378 
  -89  -99 -227 
 -102  372 -381 
  -83  -84 -136 
  237  270  385 
  154  280  369 
   11  177 -330 
  125 -332  391 
  229 -366 -397 
 -132  177  305 
 -148 -173  305 
  138 -292 -320 
  102  294  319 
 -108  324  369 
   18  124 -127 
  236  338  380 
  -31  152 -163 
    6  156  189 
  -48   66  381 
   44 -178  374 
  148 -221 -238 
  242  328  369 
   83  -95  391 
  -42  -65  370 
   19   79 -198 
 -121  222 -269 
 -291  312  329 
  -50  204  282 
  183  190 -395 
  -77 -312 -350 
   58 -264 -337 
  -94  196  285 
   12   45  350 
 -141 -287 -360 
  216 -234  268 
   48 -218  282 
   28  110  119 
 -259 -281 -320 
   88 -260  374 
  101  192  282 
 -201  219 -325 
    4  385  400 
   12  215 -315 
  -33  -49  285 
  199 -264 -282 
   95 -238 -395 
  210  223 -284 
  -74  260  298 
   82 -252  272 
   39  319  399 
   -6  178 -250 
   15   39  249 
  128  167  244 
  205  221 -316 
   19   88 -161 
  248 -307 -398 
 -281  341 -344 
  164 -217 -350 
   59  229 -257 
   51 -224  300 
  289  293 -358 
 -217 -238 -395 
    1  -77  377 
   90 -126 -309 
 -244 -280  330 
   88 -292  296 
  -94 -238 -313 
 -104  297  380 
  -33   92 -345 
  174  181  252 
 -204 -234 -302 
 -239 -337 -399 
  -11  172  176 
   34  -51 -276 
  295  329 -351 
   39  178 -203 
  -33 -172  294 
  -65   72  161 
  -57 -155 -355 
  120 -326  342 
  -43   75  210 
 -138  348 -353 
  130 -369  392 
  146 -331  340 
   61  -80 -133 
   58 -157  238 
  292  338 -364 
 -102  197  242 
   14  -28  330 
 -116  191 -337 
  153 -232 -271 
 -180  285 -332 
   45   60 -378 
   79 -365 -392 
  -69  197  217 
   39 -120 -374 
 -106  301 -329 
   -3  -99 -232 
   12   32 -112 
   37  -47   66 
   33  119  336 
 -227 -267 -389 
   34  111  277 
  255 -388  399 
 -187  241  350 
   97  214  340 
   -2  181 -350 
  208  238 -303 
  140 -192  367 
  -56 -312 -391 
  189  361  375 
  -13 -202  300 
  -33  205  366 
  -63  -99 -132 
  -62  274 -325 
 -195 -236 -357 
  262  320 -359 
  -94 -112 -325 
   16  192  244 
 -332 -345 -368 
   92 -250  355 
  -57   61  132 
  -88  172  180 
   82  242 -286 
   55  142 -397 
   77   86  193 
  -22  103  352 
  -35  241 -387 
   78  253  348 
  196 -309 -346 
   21 -188 -272 
  155  286 -327 
 -143 -255 -296 
   37  100  332 
   51  193 -299 
  -55 -126 -231 
   82  189 -391 
  -92 -264  349 
  -57 -105 -258 
   36 -147 -226 
  -39  170 -301 
  125 -159  231 
   51   74 -327 
  -13 -182  289 
   73  148 -199 
  114 -347  398 
  -48  341 -381 
  -34 -210  376 
  -53 -182 -331 
 -257  273  308 
  -44  136 -185 
   16  -39  133 
  -14  -34 -277 
   -3 -102 -298 
  -57 -204 -347 
  -65  197 -293 
 -107 -243  357 
  230 -292  384 
  -34  193  308 
  106  201 -304 
   35 -143  291 
 -106  340  364 
 -262  264  346 
  -50  156  362 
 -147  174  226 
   49  128 -367 
   -4  183 -350 
 -236 -243  282 
    5 -149  246 
  141 -294 -364 
  261 -369 -374 
   42 -197 -278 
  -49 -247 -327 
   60  127 -355 
   40 -137 -213 
  -43  116  349 
 -101 -120 -253 
   90  267 -305 
   -9  -16  154 
  326 -334  389 
   28  157  309 
   82  325  371 
  121  215 -236 
   58   77 -250 
   98 -131  215 
 -148  185  245 
  181 -227  316 
   25  -51  354 
   -6  -57 -127 
  -90 -184 -325 
  -43 -215 -260 
 -188  225  348 
 -186  214  237 
 -168  358 -395 
   68  -70  266 
 -107 -249  399 
  133 -296  331 
   29  -85  229 
  103  130 -354 
 -174 -178  258 
 -166 -190  254 
   -7   16  154 
  257 -287 -330 
  -33 -122 -370 
 -102  178 -357 
 -133 -185 -300 
   41  185  317 
  185  213  226 
  -61 -143  297 
  -70 -302  325 
 -175 -258  400 
  -38  -70 -136 
  129 -367  377 
 -104  241 -268 
 -164  179 -338 
 -223 -325 -357 
   65 -216  360 
  -39  126 -311 
   20  247  372 
   38 -293  332 
  -25  143  367 
 -159  215 -383 
  -56 -221 -246 
  -33   91  116 
 -231 -242  381 
  -83 -179  367 
   76 -221 -262 
  -51 -286  296 
  176  252  368 
  113 -254  330 
  195 -239  322 
  110  115 -320 
 -175 -244  345 
  -26 -231 -294 
 -326  374  384 
  -35 -235  303 
 -130 -353  356 
 -115  180 -337 
 -110 -127  257 
  255 -310 -311 
  -64   70  -91 
  211  296 -363 
  -34  200 -347 
  143 -330 -378 
  301 -331  364 
  -32  -79 -128 
  234  305 -370 
   23 -122  236 
  242  321 -342 
  -17  121 -239 
  298 -302 -304 
  255 -293  363 
   15  211 -384 
  170 -180  226 
   37  109  239 
    7 -179 -293 
   15   58   76 
  -50  121  175 
   38 -288 -308 
  -65 -115 -364 
 -185  196  258 
 -215  325 -392 
  -44  112 -144 
 -192 -365  399 
 -161 -224  311 
  -13 -145  252 
  224 -232 -276 
 -200 -203 -336 
 -294  367  399 
 -105 -175 -321 
   73  117 -133 
   88 -205  322 
 -151 -231  363 
  -47  125  319 
  -51  -87 -223 
 -124 -138 -319 
 -227 -325  396 
   -5 -153 -346 
   60  -81  141 
  -10 -187 -270 
 -268  335 -399 
   73 -127  240 
 -162  308  390 
   76  153 -233 
  -23  296  389 
   84 -173  214 
 -140 -234  346 
  141 -209 -331 
   23  347 -392 
   -7 -170 -312 
  132 -233 -373 
   58  217 -239 
    8   30 -263 
  -56   62  -63 
  207 -221 -327 
  219  272 -384 
   87  331 -360 
  -39   65 -108 
 -186  205 -301 
  271 -291 -378 
  -37  -55  194 
 -237  357  397 
  -10   74  139 
   19 -110  356 
  119 -285  337 
 -148 -237  275 
   31  317  342 
 -233 -283 -357 
  -31  137 -184 
  -24 -119 -251 
    1  -19  -98 
 -105 -304  372 
 -181  219 -281 
  169 -184 -299 
  -45  140 -201 
   41  106 -218 
 -126 -189 -248 
  150 -303 -354 
   40   65  328 
 -339  349  383 
  -63   95  396 
  -32  169  280 
  147  150  299 
   21  153 -348 
  148  223  384 
   29 -281 -312 
   64  112 -117 
  -17  117 -396 
 -113 -355  385 
   87 -255 -365 
  137 -211 -292 
 -124  244 -341 
 -171  186 -337 
  -51 -139  195 
   37 -275 -383 
   22 -248 -265 
  114 -286  322 
  282 -333 -370 
 -258  350 -394 
  -87  286 -377 
  -82  166  252 
  -65 -140 -310 
    8 -123 -218 
  155  189 -326 
   52  -91  368 
 -246 -254 -280 
  -98 -156  193 
  -70  159  271 
  131 -185  275 
  -19  142 -307 
 -168  182 -248 
 -116 -180  233 
 -206  288  307 
  127 -229  258 
  -64  203 -336 
 -223 -252 -348 
  -27  -62  183 
   57 -144 -312 
 -211 -213 -322 
  103 -275 -337 
  -17 -172 -332 
  -78 -262 -290 
   -2 -223  283 
  -43 -176  202 
   41   74 -284 
 -145 -171  351 
 -144 -272 -368 
   49  173  226 
  -11  230 -379 
   17   95 -212 
   45 -146 -219 
 -148 -232  326 
    3   66  181 
  -25  -61  350 
  -33  297 -307 
   96 -276 -312 
 -187  199 -228 
   95  105 -267 
  163  289 -328 
   33 -212  262 
   65  195 -315 
  105  125 -277 
 -284 -341 -362 
  -15  138 -277 
   79  235 -246 
 -225  325  335 
  158  290  309 
  142 -223  330 
  -42  217 -329 
  136  171 -360 
   68  -85  334 
   47 -129 -210 
    6  112  396 
  294  336  365 
   -3  255  328 
 -120 -237 -315 
  -74  197  251 
  -31 -109 -189 
   40  -46 -172 
  197 -286 -314 
  -60 -123  265 
   34  119 -258 
 -309  326  335 
  -46  168  359 
  -36 -367 -389 
   86  126 -203 
   31   37  186 
 -192  251  348 
  -45  160 -236 
 -216 -254  391 
 -163  299 -386 
  -76  157 -260 
  233 -272 -377 
  152  173 -238 
   24 -360 -392 
 -205  319 -351 
  313 -355 -394 
 -172 -285 -373 
  149  164 -333 
 -122 -260  297 
  -11  157  351 
 -176  227 -244 
  293 -381 -399 
  205  217 -246 
  -32  230 -267 
 -140 -163 -274 
  -16  217  229 
   95 -140 -143 
  -98 -334 -353 
   58  329  369 
 -228  365 -379 
   21   24  -93 
   19   86 -365 
   14 -142  342 
  218 -251 -380 
  223  364  399 
   94  164  175 
   -1  249  392 
   33 -157 -317 
  217 -220 -334 
  -16  230  253 
  378 -385 -392 
   23 -311  378 
   25   91  399 
 -136  267  345 
  -53   71 -386 
  -91  123 -140 
  -19  262 -392 
  215  216 -231 
   -5  -20  338 
   62   79 -193 
 -270  321  329 
   92  165 -207 
 -175 -215 -216 
   51 -137 -142 
 -203 -286 -362 
   77 -220 -251 
  -58  257  332 
   28  222 -321 
  -53  172  232 
 -147 -171 -263 
   34  235  252 
   45 -209  308 
   70  254 -395 
   73 -103 -130 
   12   77  118 
 -219 -251 -308 
 -188 -263  300 
  232  306 -366 
  -63 -290  378 
 -130  229 -311 
   26   89 -391 
    7  353 -379 
   33  -83 -190 
   68  316 -340 
  -89  113  295 
   24  146  228 
    6  -63 -235 
  112  195 -384 
 -175 -176 -206 
  231 -233 -368 
    6 -281 -361 
  117  148  236 
  -45   61   66 
  149  245 -389 
 -119 -283  397 
  183 -220 -332 
  191 -279  282 
  -99  100 -393 
 -241 -293  351 
 -192  205 -290 
   58 -130 -254 
  151  261 -380 
   80 -172  268 
  141 -215  315 
   94 -279 -345 
 -135  154  260 
 -105 -349  382 
  315 -351  395 
 -189  267 -274 
  225 -250  276 
   18  -80  266 
  164 -222 -243 
  158 -168  382 
  103  214  358 
  218  219  248 
   66 -132 -175 
  -62  173  357 
  119  120 -252 
  -16  202  241 
 -137 -177  209 
  -36  -86 -303 
 -171 -299  321 
  -84 -105  233 
  192  248 -387 
  -45  -85 -341 
   35  125 -357 
 -214 -300 -376 
  171 -205 -354 
  247 -262 -351 
  -51   80 -366 
  -77 -138 -242 
 -177  357  399 
  120  163  165 
 -182 -325  329 
    4  117  138 
  124  149  343 
    2 -165 -247 
  -15  151 -232 
   11 -188 -339 
   47   52 -224 
   31 -140  389 
 -275  281 -332 
  -98 -301  384 
    2  257  385 
   52 -161  218 
  -88  151  360 
   12  332 -365 
  219 -259 -310 
  -34 -333  397 
   58  182 -313 
  -41  177 -335 
 -139 -176 -365 
  -74  253  337 
  146 -212 -308 
  -70 -198 -281 
  259  283  327 
   19  278  319 
   69  -89  188 
   22   29  307 
  120  234  245 
  -11 -235 -393 
 -100 -190  339 
 -256 -319  374 
  -71  -87 -257 
  110  117  295 
 -237 -294 -311 
  -27  -94  198 
  -42  -46  365 
   74  130  339 
  -30   85  338 
 -246 -257 -327 
 -200 -316 -338 
  285  307  370 
   57  229  255 
   96 -177  235 
   63 -185  326 
  109  190  209 
   -1  352 -368 
   49  251 -360 
   36  118  169 
  -12 -180  319 
  -23  -44   84 
   17   60  263 
  110  142  369 
  186  195 -258 
  261  348 -384 
  133  223 -337 
   26 -157 -273 
 -152 -376  382 
   70 -342 -361 
 -274 -348 -398 
   15 -164 -183 
  -43  272 -323 
 -106 -121 -300 
    6   58   86 
   80  120  316 
   69 -270  394 
 -188  218 -321 
   27   91 -345 
  166  252 -365 
   80  133 -253 
   71 -203 -379 
  126 -341  379 
 -115  284  292 
   16  151 -351 
   61  290  387 
  103 -130  368 
 -272  322 -377 
 -110  365 -377 
   22 -103 -225 
  -92  252 -274 
 -142 -227  328 
  108  139 -324 
  211  241  254 
 -154 -288 -305 
  168 -203 -310 
  -61 -138 -185 
   47 -102 -200 
   40  -43 -235 
  -93 -206 -212 
  -29   78  175 
 -237 -317  322 
  -22 -190 -251 
   29  -91  226 
   -9 -315  360 
  -35   83 -187 
   32  -60  154 
  -52  -58  141 
  227 -240  352 
   -1  131  194 
   49  124 -398 
  -92  140 -222 
   65  111 -397 
  189 -190 -331 
   73   88 -307 
   11  157 -319 
  -12  275  282 
   59  -87  284 
  158  200  239 
  -80  -99  139 
  -72  -73 -383 
 -148 -166 -223 
   35  -58  390 
  214 -333 -398 
   70  131 -155 
  229  306  393 
   99 -174  380 
 -161  177 -382 
 -116  313  324 
    7 -195 -320 
 -135  154 -268 
   20  252 -371 
  199 -226  254 
    8  100  168 
  169  300 -340 
   10   81  305 
  178  298  354 
   13   22  -64 
 -255 -280 -302 
 -260 -287 -347 
  160  194  239 
 -136 -297  395 
  -94  118  274 
   65  -75 -288 
   37   98  122 
   25 -135  303 
  173 -368 -387 
 -110  121 -357 
   67 -133  348 
  -34  -69 -106 
   52 -285  326 
  124  312  391 
   85  171  284 
   49  303 -354 
    1 -198 -345 
 -256  319  400 
  220  265  379 
  -49  182  225 
  -52  222 -308 
  204  340 -368 
  -47  -89  162 
   11  155 -368 
 -242 -301  310 
  -84 -128  195 
   51  333 -357 
   73  107  363 
 -100 -327 -331 
  -83 -248 -268 
   21 -165  257 
  103  207 -274 
   -3 -229  330 
 -204 -336  383 
  121 -247 -375 
  -15   40  -77 
  130  146  153 
 -159 -188  307 
   40  -41  296 
   -3   78  312 
  165 -214  371 
 -117  307 -386 
 -124 -172  344 
  -33  136 -287 
   42 -232 -398 
 -237 -296  358 
 -315 -320  358 
 -156  254 -365 
  -21 -261 -262 
  -28 -259  371 
   33 -185 -217 
   26   53  385 
   68   96 -215 
   50  179 -201 
  -79  136  364 
  -63 -255 -256 
   23  -50 -341 
  -28  376  400 
 -104  218 -334 
   20  210 -276 
 -112 -133 -145 
  -67 -331 -365 
  -95  108  266 
   26  310 -326 
 -113 -180 -368 
  -76 -110 -261 
   12 -201 -290 
  -48  284 -370 
  246 -281  322 
  -15   57  210 
  173  307  339 
  -48  251  394 
  169  222  236 
   19  -34  205 
  167  223  244 
  126 -226  392 
   10  157 -250 
 -185 -239  240 
 -110  226 -260 
 -204 -275 -367 
 -106  206  322 
   48   89  372 
  -86 -225 -289 
   65 -114 -318 
  -74 -205  383 
   43  136  366 
 -142 -355 -357 
 -138  166 -357 
   69  324 -344 
   49  132  187 
  -69 -277 -374 
 -181  269 -318 
  179 -228 -233 
   12 -268  306 
   75 -139 -376 
  134 -311 -335 
 -149  234  267 
   28 -185 -224 
   96 -115  229 
  -42   69  313 
   94 -192  194 
   -6 -117  177 
  227  239 -316 
 -133  226  384 
  -80  214  329 
  -73  107  151 
 -158  289 -326 
  -66 -223 -299 
  136  138  390 
  209 -211  226 
   53  102  314 
 -254 -323 -331 
   20 -175  367 
  -43  -78  173 
   33  -48  120 
  201  241 -399 
 -212 -301  399 
 -124  166  176 
 -183 -252  399 
   76 -145  362 
  233  298  382 
  205  306 -388 
   -6 -304  353 
 -201 -367  394 
   83 -239  292 
 -219  234 -340 
 -159 -235 -326 
 -115  129 -169 
   -7 -223  397 
   45  130  258 
  -40 -152 -283 
   82  236 -358 
   13   70  203 
  -30 -144 -195 
 -215 -260 -304 
   57 -208  360 
  -44  101 -316 
  -17 -190  389 
   26  -57  182 
  182  369 -387 
  -78  151 -343 
    2  119 -295 
   40  262  333 
  -76 -364  396 
  -51   88  111 
  325 -351  364 
 -111 -169  373 
    9  -79  153 
   20 -141 -328 
  -26  250  326 
  -66  252 -372 
  226  374 -387 
  -44 -126 -372 
 -128  159 -302 
   33  343  350 
    3  156 -214 
    7  -75  -80 
  -27  -89 -391 
   42  -64   96 
   80 -272 -282 
 -249  272 -273 
  -95 -111  333 
 -146 -179 -212 
  161  208 -347 
   41  190 -376 
 -105  187 -326 
   90 -174  376 
   19 -195 -312 
 -211  266 -298 
  220  282 -346 
  -12 -246 -359 
  -89  296  351 
 -119  329 -346 
  215 -268  330 
  188  237 -303 
   82 -102 -263 
 -143 -175 -387 
   -1 -118 -274 
   52  142 -202 
  179 -180 -348 
  -68   71  166 
 -196 -327  328 
   22  128  160 
  326  346 -359 
  -25 -154  259 
  131 -146 -273 
   35  346 -372 
  -57  -73 -280 
  -97 -134  332 
   52 -108  178 
  -37 -235 -337 
   52  125  227 
  -11  178  198 
   10   20   97 
  103  269  301 
 -121 -334  378 
   63 -102  121 
   59  281  315 
   -8  -62  293 
 -273  315 -331 
    2 -243  294 
   65  121 -296 
  167  257 -306 
 -162 -263  276 
   -4  218  283 
 -163  244  252 
  244 -276 -395 
 -190  274 -356 
  -34 -185 -259 
  -13  -14 -102 
    5  232 -370 
  -87  223 -242 
   95  188  221 
   31  364  397 
  -88  221  276 
    9   46  322 
  133 -283 -338 
   31 -172  325 
  -75  304 -327 
    2  177 -210 
  118 -216 -369 
  172  271  379 
 -148 -323  382 
  135  284 -391 
  -45 -364 -379 
   -4   -6 -389 
  -74  187 -391 
  294  335 -386 
 -151  262  392 
   15  -60  278 
  186  233  342 
   66  -68  243 
   77 -106  188 
   17   74  -98 
  -24 -106  282 
  -39 -108 -194 
   58 -168 -308 
 -306  345  353 
 -157 -244  342 
 -217  266  274 
 -205 -226  260 
 -134 -286  358 
  104  284 -386 
   22 -103 -224 
   59   79 -394 
   11 -225  269 
   31 -268 -352 
    9  -37 -231 
 -120  174 -345 
  -99 -201  292 
  -63 -199 -346 
  132 -178  264 
  -23   74 -246 
  197 -254  331 
  139  157  307 
   31  159 -331 
   24 -127  326 
 -181  191 -269 
   14 -221 -284 
  136 -392  398 
 -209  320  347 
  -56 -113 -156 
 -195  307  332 
  170  318  360 
  -28 -342  377 
 -215 -291  388 
   80 -125  216 
   46  -57 -102 
 -183 -260  356 
  -27  350  366 
  220 -234 -363 
 -157  283 -367 
  -62  301  396 
  244 -257  316 
  -31  290  392 
   86 -289 -332 
   32 -129  186 
    6  -95 -275 
   21  116  125 
 -178 -352  381 
  -50   75  103 
   30  -42 -298 
  207 -327  386 
  108  336  367 
   -3  115 -189 
   36 -371 -394 
 -235 -262  363 
  272 -391  398 
   -5 -135  187 
  -88  364 -391 
  -12 -217 -251 
  -96 -110  122 
  -91 -180  183 
  117 -190 -303 
 -230  252 -276 
   57 -140 -206 
    5  -93  186 
   46  126  131 
 -109  173  321 
  120  131 -232 
  222 -249  311 
   12 -127 -174 
    3  149  397 
 -126 -234  261 
  -43   59 -396 
   51  129  309 
    6 -156  232 
 -224  333 -335 
  182  212 -267 
  175  221 -246 
   99 -146 -239 
  111  116  188 
   72 -136  309 
  -86 -252  328 
  -63 -188 -308 
  -39  261  340 
 -129  168 -245 
   53  130 -286 
   34 -179  301 
  168  206  296 
   48  140  349 
  -29 -118 -186 
  -27  227  255 
  -23  159  234 
    9   93 -328 
   78 -256 -273 
 -136  243  383 
   -5  150 -225 
   24 -132 -266 
 -132  232 -274 
   -9 -232 -380 
 -183  210  317 
   17 -172 -240 
 -182  326 -358 
 -184 -249  386 
 -112  165  226 
  176 -194 -260 
 -180 -184 -309 
 -127 -218  376 
   92  123  259 
 -128  227  308 
   16  235  370 
  -25  164 -172 
  -82  108 -127 
   98  142 -311 
 -226 -364  397 
  -10 -326 -347 
 -175 -331 -369 
 -157  279  305 
  -29 -253 -363 
  184  221 -291 
   -1 -325  360 
   53  -78 -329 
  199 -267  278 
  -19  143  367 
 -146 -320  388 
  -91 -243  346 
  -32 -250  282 
 -175 -265  389 
  -63  226 -367 
  -99 -284  294 
   45  108 -179 
    9 -366  394 
  -55 -332  390 
   26  213 -290 
  -31   75 -300 
  185 -307 -310 
 -104 -219  359 
   -9  -30  170 
  226  353  371 
  -50 -178  393 
  -21  -22 -261 
   10 -187 -346 
 -195  262  323 
  211 -289  369 
  -71   99 -280 
   12  -85 -199 
  -38  320  398 
  224  255 -395 
   48 -151 -284 
  -84  172 -362 
    9  279 -392 
   52   93 -106 
  190  225 -376 
  -46  -59 -321 
  176  294  387 
  105  124 -357 
  157 -279 -369 
   33  101 -130 
  -40 -141  298 
   16  -85  343 
 -151 -197  386 
  159 -315  361 
  -14   82 -130 
   41  -89 -368 
  251 -377 -379 
 -164 -189  392 
 -158 -216  330 
  182 -206 -324 
  -16 -156  226 
  -52  -99  313 
   48 -163  183 
   -7  -51 -197 
  298 -369 -373 
 -105 -265  395 
   -6  -71  -96 
  117  374  380 
   37  -54  305 
 -145 -254 -322 
   35 -254 -293 
   -2   68  -79 
  -26  -75  -87 
   82 -199  277 
    9 -202 -339 
 -148 -174 -304 
   89  145 -246 
   -5  -58 -281 
  -58  100  345 
  -29  172  325 
 -194  197  308 
 -110 -291  314 
   34   47 -388 
  -95 -277 -322 
   60  176  368 
   15  -30 -378 
  -98 -179 -214 
    8  149 -158 
  -13   61  126 
    6 -187 -243 
  318 -364 -388 
    4 -111 -243 
 -132 -217  317 
  -53  203 -209 
   83  115 -132 
  108  121  273 
  -14  -75 -168 
 -107  309  351 
   64   75 -210 
  -10  352 -362 
   52  172 -320 
  -23  -80  339 
   23  330  364 
   26  174 -343 
   84 -148  156 
  -38  232 -349 
   26   75 -362 
   82 -259 -260 
  109 -216  303 
   29  230  375 
 -234  291 -359 
 -260  310 -351 
  216 -249 -328 
  -45 -165 -196 
  -68 -328 -378 
  -47 -115 -278 
   62  -77  169 
 -251 -382  400 
  230 -310 -319 
   23  327  354 
 -208  212  231 
  -97  202  341 
  192  250 -356 
   36   75 -361 
  -66 -294 -397 
  135 -291  378 
  -97  115 -368 
 -136 -177 -359 
 -145  245 -400 
  144 -234 -380 
  -79  100  278 
  -40 -134 -324 
  175 -200  218 
  -26  -46 -237 
  -41  191 -320 
  -85 -314 -364 
   34  -86 -166 
  -90  105 -385 
  154 -288  359 
 -128 -269  279 
   18  142  174 
   19   42  -49 
 -123  232  263 
   -4  217  229 
   56 -202  345 
 -171  189 -385 
   91  225 -400 
 -189 -267  331 
  -54  139 -219 
  277 -381 -398 
  -36 -142 -376 
  -21   88  150 
 -174  300  394 
 -230  294  379 
  214 -256  369 
  137  205 -231 
  -26 -151  164 
 -162  257 -280 
   73  159  163 
  137 -251  375 
  -40 -125  217 
  -76  230 -347 
  285 -337 -340 
   96 -132  264 
 -121  207  317 
  -16  -26  271 
 -186 -346 -381 
 -161 -292  382 
  295 -361  371 
  194 -267 -327 
   20 -165 -327 
  147  278  348 
   17  -81  204 
  107 -223  355 
  -36  270 -307 
 -131  187  341 
   69  252  292 
  -95  133 -336 
 -151 -349 -374 
  -61  115  138 
 -203 -356 -396 
    5  -34  155 
  -57   79  206 
    4 -109 -268 
  -56  -73  -99 
   60  307  362 
  -31   59 -129 
    8  105  156 
  -17  -30  213 
 -181  240 -372 
  117 -244  341 
   24  148 -231 
   84 -236 -295 
  -21 -326 -342 
   82 -103 -183 
  -25   72  237 
   -7 -166  167 
  237  306  371 
  152  206 -377 
  -47 -116 -270 
    2  363 -394 
  -14  112  178 
  122 -282  399 
  -35  -51 -399 
   17  -58 -245 
  140 -150  195 
   20  -22  -34 
   42  267  391 
   83 -220 -313 
 -166  265 -294 
   77  215  349 
    1  -21 -169 
   19 -308 -357 
   87  169 -258 
 -106 -225  339 
  227 -301 -386 
  -97 -277  370 
  196  283  366 
  119  178 -274 
 -188  207 -345 
    6 -361 -382 
   59 -224  373 
  -44 -245 -400 
  109  114  399 
   28 -130  264 
  -84 -136  257 
  182 -219  279 
    2 -175 -177 
 -202 -312  379 
   55   87 -388 
  166 -281 -310 
  142  273 -339 
  -43  271  369 
 -138  287  356 
  -33   38  -72 
   41 -200  334 
 -146 -171 -392 
   70 -146  241 
  131 -377 -398 
   82  231  308 
  -23 -166 -258 
 -171  211  248 
   -5   69 -319 
   61  -96 -174 
  -11 -191 -268 
    4 -144 -198 
   20  -79  341 
   -9  -60  158 
  257  259  272 
   46  188  240 
 -250 -379  398 
   67   68   74 
  207 -211  394 
   12   98 -126 
   53 -141 -286 
  -25   42 -177 
   44 -109 -112 
 -272 -303  305 
   17  132  149 
  -29  -31  358 
 -100 -369  378 
  -80 -114 -400 
   14  -24  225 
  -15 -294 -363 
  -73  230 -270 
  151  159 -203 
   52 -143  174 
   28 -317 -329 
  107  112 -318 
  -80  224  233 
 -103  151 -315 
  251 -349 -392 
   33  -41 -187 
  -75  148 -203 
   18 -217  265 
 -281  289  326 
 -145 -274  381 
  233 -239 -381 
  102  125 -282 
  124 -353  384 
  -14  159 -319 
  104 -165  250 
 -108 -119  272 
   24 -219 -391 
  -24 -141  345 
 -193  204 -368 
  -20 -185 -230 
   66   76  -77 
   45 -290  348 
  275  309  369 
 -139  215  371 
 -325  362 -373 
   -7 -136 -153 
  -12   25   89 
 -128  385  398 
   37  239  389 
   30   73 -352 
  -32  332  393 
   64  210  389 
  -40 -204 -248 
 -282  372  375 
  -59 -329 -332 
  -91  156 -173 
  175  195  269 
 -190 -283  383 
  -53 -135 -173 
   99 -113 -231 
 -216 -217  355 
 -240  306  320 
  138  146 -324 
   29  214 -235 
 -160 -175 -229 
   14 -192  236 
  -69 -252 -319 
  -24 -209 -352 
   24 -327 -371 
   39 -138 -147 
   37  123 -162 
  -47  -72  342 
  -74   82 -330 
    1  278  314 
  284  381 -391 
  -43   65 -379 
  316  319  356 
  130 -167  364 
  110 -231 -291 
   14 -260  365 
  -29 -231  351 
  -36 -118 -293 
   10  -45  194 
   91 -120  149 
  -80  362  366 
  231 -327  359 
   12 -211 -316 
   99  156 -225 
   56  222  244 
   42   95 -253 
 -147  163 -326 
  281  303  359 
   49 -251 -388 
   11 -176 -293 
 -263  344  387 
  115 -204 -260 
   60 -290  367 
 -139 -370 -379 
  -52 -227  347 
  207 -211 -251 
 -290  333  338 
  -76 -196 -362 
 -117  292  372 
 -190  241  383 
  -46  -70  209 
   -5 -133 -168 
  -53  -57 -122 
   64  -76  364 
    6   67  156 
   26  -71 -332 
 -233  327  343 
    3  225  308 
  -61  197  365 
   73 -167 -368 
 -151 -319  397 
   34  232 -318 
  300  324 -387 
   53  191 -357 
   79 -230 -346 
   -3    8 -312 
  -55 -114  206 
  -66 -125 -249 
   43  -66 -334 
  -27  319 -370 
  -33 -183  326 
   18  205 -238 
  -55  -60 -114 
  -96 -129 -232 
 -130  154 -325 
  148  165 -365 
  -17  -47 -330 
   89 -147  391 
 -204  242 -328 
   47 -171 -385 
  -44  209  322 
   96  167  354 
   -3  -61  177 
  -32  205  369 
  -18  125 -351 